-9.188283494270163487e+01
-3.334375460021758499e+02
-7.853758184620959071e+01
-1.979640509299822213e+02
-7.724647831425490097e+01
-1.067573856178852196e+02
-9.288342835204507253e+01
-2.834717416796345333e+02
-3.315930807362328210e+02
-2.378987793699778592e+02
-1.401941023177176930e+02
6.584234844514398333e-01
-1.372341985814049963e+02
-9.718130406240405250e+01
-3.413335337680061343e+02
-4.013737829477654628e+01
-1.601671050227908495e+02
-6.305359826585539906e+01
1.252271942670047977e+01
-5.733991857629872868e+01
-2.398886529304267299e+02
-6.984887150174172632e+01
-4.990245946419938861e+01
-1.016792586059743897e+01
3.445864334484058489e+00
-3.330508657812832496e+01
-5.050740407901611917e+01
-3.244997427033594306e+01
-4.806090528420234875e+00
-4.793891074484671577e+01
-2.740207947978792546e+01
2.018992681114848864e+00
1.218124518546619761e+01
1.251456560823022457e+01
3.375814398940763184e+00
1.187330415228095859e+01
8.112515195731461404e+00
-2.087950826862522291e+01
1.220832670171034451e+01
1.255448848828614672e+01
-1.776418580933000868e+01
1.222584325319826526e+01
1.206959250030595143e+01
1.212364890096530168e+01
1.108047654672429161e+01
1.186396613390630073e+01
4.637014348429151056e+00
1.245970392766178669e+01
4.782094191256870630e+00
1.249034193198272646e+01
1.240966343123275273e+01
5.857009158570956942e+00
1.033573673053449227e+01
8.036670222413786036e+00
1.197839324519989290e+01
1.236160613206437731e+01
8.595768739170296158e+00
1.154815563518313581e+01
3.476845105219183552e+00
1.243502830601719111e+01
1.180599981814680177e+01
1.098109586907209945e+01
9.733140774209687152e+00
1.247841924407832614e+01
1.175071377589814858e+01
1.128064870357161453e+01
1.197110145471241083e+01
6.880861933235060235e+00
1.194266700917613910e+01
8.034241319564198847e+00
1.224103082296154099e+01
1.242767095628760288e+01
1.234489299398971518e+01
9.664811182069799500e+00
1.056453160208411468e+01
1.216621765387322363e+01
1.225424299213556978e+01
1.145000226833208856e+01
-1.490439919387001737e+02
9.575778348867377332e+00
1.252583408336348647e+01
8.730821410948838235e+00
1.041010976818855482e+01
8.981927113131540352e+00
1.250926559151032436e+01
1.257497261440087755e+01
1.223494688826258603e+01
1.251088535058652695e+01
1.202076019221432901e+01
1.254144828128621114e+01
1.253266102674045257e+01
1.253316335158935502e+01
1.234942890150964878e+01
1.213165080367987514e+01
5.883723743069948497e+00
1.046132101073236598e+01
1.111006127634126095e+01
5.516744074155306876e+00
1.250543527794976129e+01
1.248693175072155270e+01
1.130160543896259639e+01
6.210141934956565635e+00
1.230073076268001309e+01
2.028933181887556003e+00
1.232029183066309130e+01
7.495894866560795400e+00
1.255881488967661497e+01
1.147796789061483125e+01
1.177225310845574668e+01
1.251241558804919762e+01
1.249003235529715461e+01
1.111188574039876897e+01
1.153093233598538170e+01
1.256502670798998089e+01
1.246340815803626079e+01
1.118719245109066662e+01
1.230444924909469151e+01
7.536128338105169355e+00
3.034424561975137991e+00
7.385400908318432656e+00
