1.164485353172181092e+01
-2.010023108902393858e+02
-7.922359099647309222e+01
-8.698900082503288900e+01
-3.146370587130881518e+02
-1.134343247214387418e+02
-1.538692864293938953e+02
-2.276741263513483773e+02
-3.674906425327884563e+02
-2.692208932569274680e+02
-1.964299815052062570e+02
-1.346047768172293502e+02
-2.911121740948180445e+02
-1.402790123838700254e+02
-1.759028662553650122e+02
-7.195647896345806203e+02
-2.067291020211523573e+02
-1.834561176828988778e+02
-1.012552554252010708e+02
1.232182950342214767e+01
-2.438153235223567208e+02
-2.290630984988821979e+02
8.369753984500892585e+00
1.239614889738478176e+01
-1.577538691654199283e+02
-1.040956450404003988e+02
-2.473594409228180666e+02
-1.822041173993886503e+02
1.258229791112707474e+01
-1.981905733954317128e+00
-3.038582150130060313e+02
1.251079887534843849e+01
1.236525324314217578e+01
-1.905979518445450438e+01
1.255115659282326313e+01
5.338286193608675845e+00
1.222361455959032028e+01
1.021993251206166065e+01
1.257811039898649952e+01
1.252098390831595864e+01
1.251064321386903444e+01
1.245417143909165425e+01
1.201539065567434506e+01
1.226496059931435667e+01
1.047960092848191849e+01
1.249966450380212279e+01
1.251032271061190571e+01
1.241652172433780521e+01
5.888092159866596731e+00
1.182028433493217356e+01
1.188357104183193513e+01
1.246474869868107760e+01
1.228868184678683306e+01
4.703478516648726071e+00
6.095251534879166044e+00
8.745103925800812306e+00
-7.915041377252958199e+00
1.216748772371600040e+01
1.204325756089641253e+01
1.200715416375118849e+01
1.232300412718393900e+01
1.058261036802176669e+01
1.220951143802290773e+01
1.235144906782762675e+01
1.088244528116734600e+01
1.209684447641666161e+01
1.236700120374413103e+01
4.802162862639931973e+00
-2.686208180011518607e+02
1.250276289255225493e+01
1.102226067873116300e+01
-2.359470501970097587e+02
1.129490016194720070e+01
7.108930101797113821e+00
1.211384873582517585e+01
1.240959379258529083e+01
1.248776480716048098e+01
1.113414654397665871e+01
1.102085876149392618e+01
1.246318670032925979e+01
1.249554651066137367e+01
1.075587871079844504e+01
1.216218081014291030e+01
1.209639381358724286e+01
1.224466643545002142e+01
1.196805630142628019e+01
1.253370564198120007e+01
1.224060607936451817e+01
1.195788050137804248e+01
8.439148370689089518e+00
1.165992602240517151e+01
1.248712071169234150e+01
1.241151668614779879e+01
9.823002409265038537e+00
1.156124629367151080e+01
1.161176067950211888e+01
1.120107951509666577e+01
1.176771685170910153e+01
1.236994594869937103e+01
1.256983275686046753e+01
1.205646340039811371e+01
1.206435522576253483e+01
1.076000692675265569e+01
1.251667062252216667e+01
1.244661815608720801e+01
1.167175502731407732e+01
1.210180383488640743e+01
6.015363345975588416e+00
1.061224023927799109e+01
4.133470639667253366e+00
7.389994918697278870e+00
1.188602567949916633e+01
1.149622690461674424e+01
9.870733549285009900e+00
1.226633973763811980e+01
1.185756455805523046e+01
1.250501758501079408e+01
7.150398594738385682e+00
1.238906530675396311e+01
9.196921692654161262e+00
