7.105647025644381110e+00
-8.052046551556085774e+01
-2.757881123260992240e+02
-1.026346967245017794e+02
-9.198244726102259960e+01
-6.965378892301943381e+01
-4.251062176336195648e+02
-9.427297953259056840e+01
-1.200847153932904803e+02
-2.225905078073552374e+02
1.226316772522180898e+01
1.251576211788198023e+01
-4.184739418454162205e+02
-1.497808586956550982e+02
-3.437497453264547289e+02
1.255488535714532361e+01
-1.671730481065321499e+02
-1.348133817763886668e+02
-4.121389549212814245e+02
-1.777555851620227827e+02
-1.920273394742201276e+02
1.246864475409368644e+01
-1.628988517077146412e+02
-2.803217680160697114e+02
-3.343565653361993100e+02
-3.083690453316785351e+02
-3.080204977257852192e+02
-2.725786479448420323e+02
-1.471965112653202254e+02
-2.591443808440384373e+02
-4.069932692425574032e+02
1.240028392625557885e+01
1.467474281759699295e+00
-4.042310770662808039e+01
-2.234125485737213808e+02
-2.050623253893113542e+02
-1.661507025202950842e+02
-1.471410964217792241e+02
-1.402010194441190265e+02
-1.301872687414359291e+02
1.240892295022333514e+01
5.400729059141918142e+00
-2.138759896434573591e+02
-2.351617859666995116e+02
-1.419831261105814235e+02
-5.946861988697177992e+01
-5.094793943978216078e+01
6.522357953187178481e+00
-1.123597439251493171e+02
-1.688130159766379279e+01
-8.271464966883812053e+00
-3.862615158717277808e+01
-3.094361504663875451e+01
1.044462222601339896e+01
-3.497083539645585404e+01
1.235556204350428189e+01
1.230542562956232899e+01
1.206650020610620544e+01
9.266441249872645614e+00
1.254248968070257675e+01
-7.708187516865393718e+00
1.236371302222550916e+01
1.099440505047672367e+01
-3.017960309406097252e+01
1.256722973256503906e+01
1.224462533391321450e+01
1.253923003893702415e+01
-2.118867466804589483e+01
1.180359204978541143e+01
1.206215295050848191e+01
6.539366881971766077e+00
1.202874339150173988e+01
1.207852383708191546e+01
1.215314930021632733e+01
1.193293670503351223e+01
1.250860579370502279e+01
1.254450530536769648e+01
5.273064547214426412e+00
6.941756893189820588e+00
1.073946550808243217e+01
-2.460314127818396344e+02
1.109863899360198936e+01
1.024411862969821740e+01
9.039878801255518681e+00
1.231693201812450056e+01
1.249504506216483612e+01
1.220788566554828236e+01
9.732066275510135256e+00
7.319714768781235392e+00
1.250225114922934111e+01
1.087346092071429027e+01
1.030426311101327386e+01
1.252479532351187963e+01
1.244794131636145629e+01
7.125324523322376535e+00
9.512000317828059437e+00
1.246555092993527580e+01
1.253124300161304561e+01
1.194280272000578869e+01
8.344817575503892471e+00
1.217187879743721624e+01
1.012617644764196712e+01
-3.902625411952683976e+00
1.020804147224468039e+01
1.211708113759390315e+01
1.165362469096240616e+01
1.209309980038479893e+01
1.184973683275475054e+01
1.062754188500170294e+01
1.105642490778040354e+01
1.136681149205483976e+01
-8.728477146219947969e+00
1.256420148379351431e+01
1.119485157595282843e+01
1.205325585556544077e+01
1.177319212475368104e+01
1.211750926475454371e+01
9.087990552942116551e+00
-2.856696869186415455e+01
1.175568686337373414e+01
