-2.013841387809655714e+02
-1.710917717792267467e+02
-7.651017155194939789e+01
-1.328349528437440199e+02
1.234560840877944798e+01
-1.506593255359713055e+02
-1.548668160850254480e+02
1.243722822701123931e+01
9.895359426363995681e+00
1.196086784257047064e+01
-7.427054993688761897e+01
-1.022480366791235582e+02
-9.911548501367052211e+01
-8.589199242163223857e+01
-4.905710507562947669e+02
-1.242490311784848700e+02
-9.088963983445771078e+01
1.257403382456082142e+01
-9.928294213398014278e+01
-8.935827112989056786e+01
-1.031649882954623791e+02
-1.155151110108032952e+02
1.242482928759153893e+01
-1.068843760219036625e+02
-9.504045392315590846e+01
1.187010351927793472e+01
-1.056163823522060596e+02
1.239130948037476543e+01
2.118180730562498226e+00
1.214607229639610075e+01
-3.028388985002010259e+02
5.790633748692952665e+00
1.251298570643069574e+01
-1.168508992661609085e+02
1.157879425795372441e+01
1.118352745983899865e+01
-7.818104413870578639e+01
-1.467296449540154697e+02
-3.218582724202524048e+01
1.252664776203316421e+01
1.253645999132854172e+01
1.254571996688463109e+01
-3.555488965959527263e+02
1.230182011611626081e+01
1.250602511300308350e+01
-1.413382502546907737e+01
1.109710197559747868e+01
1.099666895563652602e+01
1.168277661163136827e+01
-7.382899971412150819e+00
1.000905087019544482e+01
1.214396485993559693e+01
-1.241889704441586773e+01
1.241720920823913232e+01
1.066843775355039092e+01
1.126529829745061129e+01
8.459811255520417461e+00
1.089752840210545060e+01
1.235201040604804490e+01
1.233667672915398583e+01
1.205909267874067581e+01
1.220392650361651476e+01
1.168561378778167636e+01
1.095774935966433716e+01
1.195613639781232607e+01
1.110264202221209651e+01
9.858036866336409076e+00
1.198292457577832693e+01
1.170988277174401304e+01
1.248736160316155441e+01
1.214383353569753332e+01
1.215887743532893062e+01
2.591542939341417551e+00
1.218592333269518768e+01
1.232097079347829549e+01
1.149731025331839618e+01
1.214252251484597522e+01
1.185922679668062329e+01
1.094864454276882704e+01
1.182070981265252207e+01
1.234816151288665864e+01
1.250404324566662773e+01
1.251695431297417826e+01
5.509018738055775799e+00
1.253292647893938394e+01
1.083156657352201790e+01
1.062584272332838964e+01
1.180347902892640022e+01
1.204846949658702648e+01
1.254808253551229136e+01
1.235245786958555492e+01
1.250340575829615730e+01
1.139451969337581438e+01
1.238780312123684979e+01
1.234745710073667091e+01
9.743312528067260558e+00
-7.298854230382565333e+01
8.017404712201809502e+00
5.442929962481990458e+00
1.144682606190102980e+01
6.360453441852190082e+00
1.175280303014326755e+01
1.235914745993512476e+01
2.631464581236004463e+00
6.544224766869444210e+00
1.144857159915921052e+01
1.241906915110257614e+01
8.647634636158954891e+00
9.862691833503172134e+00
1.023670259821352602e+01
1.210447852952811942e+01
1.103827035857035810e+01
8.974359772344232766e+00
1.153771496457545531e+01
1.203487566791244312e+01
1.143011802596059034e+01
1.252078140342169732e+01
7.348052410398309142e+00
1.051810828538428311e+01
8.990969881062270019e+00
