-1.338340501307214367e+02
-1.179972617943346194e+02
-2.338270356142923561e+02
-9.369217189067954621e+01
-2.585416442454588264e+02
-1.041045225642206162e+02
-1.569645292150719911e+02
-1.172688658936082930e+02
-1.430409555478321977e+02
-4.025542093470155010e+02
-3.574606803712216561e+02
1.227464126909637265e+01
-2.992629218963947437e+02
-4.401248972259496668e+02
1.196968519517602836e+01
1.230551784069448118e+01
-2.355577327175763287e+02
-8.940204524833818311e+01
-7.837699939862862664e+01
1.253770267004655636e+01
-1.547992670377061586e+01
-1.802770114697340205e+02
-1.213775089500965265e+01
-2.389835933655136557e+01
4.835862416614185477e+00
8.964688526808384239e+00
2.486605308080019228e+00
1.245542962174106805e+01
1.196865395062400061e+01
1.244813817922586274e+01
1.252563730733933234e+01
1.248178927970946539e+01
1.243942294898306145e+01
8.734411654126482460e+00
6.153778106810515069e+00
1.248995656692309275e+01
1.223438457767615795e+01
4.199430409062939518e+00
1.068425989654813435e+01
1.189687394335793869e+01
2.238315761477663202e+00
1.243941060831874168e+01
1.239764141990055357e+01
1.228871897082641240e+01
1.220898487074467376e+01
1.234547336932505601e+01
1.049701459179651764e+01
9.512115856102390410e+00
1.197690369440867286e+01
9.763204502748131119e+00
1.237408768675881454e+01
1.251355964414398869e+01
1.209713029730385436e+01
1.106996746379723007e+01
9.333803967074111085e+00
-2.298498409996429928e+02
1.100891036044227889e+01
1.077077150431806807e+01
1.057691571554575205e+01
1.181431299007800462e+01
2.043387943671811868e+00
1.904112283381882875e+00
1.251384922421175716e+01
1.081269814453060540e+01
1.232259918397087795e+01
5.169754810266541156e+00
9.356420441714124792e+00
1.209003001707167257e+01
1.240939708922071993e+01
1.190664831366561494e+01
1.174384033851804610e+01
8.720904507149372265e+00
1.140579724462764943e+01
2.056523664579193778e+00
1.170404088849437585e+01
1.192164623034527260e+01
1.151159201456025549e+01
1.127221614135221905e+01
1.178071309857040028e+01
8.643584504072411079e+00
1.111797571773859161e+01
1.210896637684952282e+01
1.183458195203152563e+01
1.228776433783043309e+01
7.900551510680228873e+00
1.170188865912790810e+01
1.045027409128164209e+01
4.553183934344495754e-01
1.245417161070709966e+01
9.620192136898342739e+00
1.172691816024788380e+01
7.959915088376419590e+00
1.218267782254716103e+01
1.183265906443646820e+01
1.112362680866564801e+01
8.847161788254359394e+00
3.255163749977292298e+00
1.099714379847199552e+01
1.248897237377169667e+01
1.236475250255363889e+01
6.106107188874613456e+00
9.953361267343600716e+00
1.248027195466940142e+01
1.116025038540699832e+01
1.221974911084578608e+01
1.213825711409674746e+01
8.700747112919867021e+00
7.040834796958701070e+00
1.231508148513022860e+01
1.149030947228943589e+01
1.077954079166046952e+01
1.024574906681047182e+01
1.142318861514314854e+01
1.257103415357674692e+01
1.214191058390394318e+01
1.201311553184970293e+01
1.167277575191431893e+01
1.214266332621031808e+01
1.242231900325445437e+01
1.088859785585047746e+01
