-1.727566044313660143e+02
-1.145216924251672168e+02
-4.340900572868920335e+02
-3.271354627792877068e+02
-1.271649440928874526e+02
-7.146407832138011429e+01
-7.860383929242657075e+01
-1.029722098490414908e+02
-1.458035032071299213e+02
-3.078621410715330171e+02
-1.031265530902514342e+02
-1.528763543991846063e+02
-2.517095832614392350e+02
-7.806348578295910556e+01
-1.929135591838319783e+02
-6.643348704222245260e+01
-6.451405339854105137e+01
-7.556197877068004232e+01
1.198667097365343537e+01
-1.353539738610378720e+02
1.248535347741484713e+01
-1.187130020493709850e+02
-1.249297139296168950e+02
6.637902462966987827e+00
1.247014358503826514e+01
-9.343501374145040472e+01
-1.793037628133298824e+02
1.217410978818581313e+01
1.242817150270585103e+01
7.603795432514854902e+00
1.152528093829148403e+01
8.600249710367663170e+00
-1.423885915025437612e+02
1.250292584563502629e+01
9.596452285206886756e+00
1.181097528879689129e+01
8.010193699882275808e+00
1.251096109082877561e+01
4.813037611363615298e-01
5.761222345729718697e+00
-2.813208580265753085e+02
1.248476203790897543e+01
1.216631864485587755e+01
-2.011025203420615526e+01
-1.216840736241614707e+02
1.253873660182042826e+01
1.009248728912772464e+01
1.172901918771446894e+01
1.250535526493728256e+01
1.070627100219719985e+01
-1.589650305014887977e+01
1.220989684962901656e+01
1.122661211336717280e+01
1.251609196038631389e+01
1.253688535650569591e+01
1.234489572239003508e+01
1.241227299901664871e+01
1.195161609440193473e+01
1.229599675252151059e+01
1.231930160013292586e+01
1.215476434393120719e+01
-2.435240150360016287e+00
7.925177466070446819e+00
1.029195871318806965e+01
2.877410827814449235e+00
1.198915051202700788e+01
1.222657295275321232e+01
1.255817410521194155e+01
5.682430051306059937e+00
1.252358697923399511e+01
1.772475498850136333e+00
1.000268326552621723e+01
5.029654444148729198e+00
8.908695134466775301e+00
-5.799471410976396868e+01
1.227027267034171487e+01
1.192338852537014304e+01
1.255598408726965864e+01
9.631698154454667815e+00
1.157856241857430390e+01
1.209926221326118068e+01
6.768399311777574923e+00
1.250728146361042015e+01
1.077598080761189614e+01
3.358935088879878350e+00
9.886759280105513525e+00
1.138087629482005170e+01
7.380639261518983751e+00
1.190778125629526762e+01
1.178525838827146544e+01
1.235187275872218038e+01
1.221909711471390381e+01
1.050632062589186511e+01
1.180571148571761064e+01
1.205785856378632737e+01
1.182839160637501408e+01
-1.985626099437154437e+02
-2.113962150396445452e+02
1.241853955807742871e+01
1.020231007673522505e+01
-1.227867379078004717e+02
1.200829481546896993e+01
7.151179133358336770e+00
1.023061024733627278e+01
1.246246111101099707e+01
1.251383866443413240e+01
1.229146902978573763e+01
1.221245077763949105e+01
1.004766378022894102e+01
1.082199543046184331e+01
-5.208240888757268294e+01
8.360456730149305571e+00
1.219844730780476461e+01
1.003866425738865331e+01
1.249909863022853429e+01
5.410597556074113967e+00
4.771182160949342332e+00
7.808633297697811670e+00
1.018996006604237081e+01
8.933389976426298063e-01
