-2.779105076453071206e+02
-2.021923134482686635e+02
-1.051469799596952868e+02
-2.502381205720052151e+02
-1.511716763572013349e+02
-2.048665522078063361e+02
-8.642889991677232331e+01
-1.028800564969090772e+02
-2.257776535066859651e+02
-9.462604311365041099e+01
-1.265260196925105305e+02
-3.223254962301741671e+02
-3.466362141646982877e+02
-1.195917472708844684e+02
-2.201177758168558967e+02
-1.324611908780922249e+02
-1.119484661181205638e+02
-2.945614743884707423e+02
-1.700662366268421408e+02
-1.701323451541641987e+02
-1.950876986451734183e+02
-1.445750192758742969e+01
-6.235552232207079726e+01
-6.393143717199988174e+01
1.129750422631557782e+00
-7.070225678213404308e+00
-2.148261855615667457e+02
-2.505623258061788405e+01
-1.350485976366100260e+01
-2.470880489151724646e+00
1.258359624329080262e+01
-2.225941744697788138e+01
1.256834035442099662e+01
4.323677863161126567e+00
1.155145824116813813e+01
9.630901593689518592e+00
-5.829545632308148129e+01
-2.266769169831229647e+01
1.184355424809567126e+01
1.010272483103207719e+01
1.213952833950161647e+01
-3.136313682813670312e+01
-1.401137476894162148e+02
1.200656856906355863e+01
9.562704485826515111e+00
1.254097569245695176e+01
1.247934213868266795e+01
1.130434904017218756e+01
1.252373433864249108e+01
1.074205287504571160e+01
1.174900232587184234e+01
1.219598794325515811e+01
1.238483398337739594e+01
9.617065538746778941e+00
1.252836220547578883e+01
-7.627574061206757960e+00
1.200121477347760646e+01
1.246282928030922399e+01
1.223018436867734238e+01
1.235147389989111488e+01
1.133294756912832746e+01
1.213727655462622579e+01
1.250561604206136224e+01
1.256824254446224032e+01
1.193469385056975796e+01
1.160609412830117648e+01
1.244935854396987196e+01
1.155873666182029602e+01
9.481140820311829032e+00
1.205414253844653771e+01
6.948599735817703404e+00
1.107234843789070311e+01
1.229723059384120631e+01
1.248506342858653007e+01
-1.317054449527163342e+02
1.214796180373503454e+01
5.512028875972957209e+00
7.749726274585024832e+00
1.132105073426327380e+01
-1.385871327918107170e+02
9.816821665099141114e+00
1.150776017544785290e+01
9.846839380078632686e+00
-1.309674060818962005e+02
-1.529338390345613732e+02
9.782745989364197925e+00
1.122512188880175188e+01
1.070293625656537095e+01
1.030871913854852906e+01
9.137194339839290080e+00
1.028199312489923400e+01
-5.152913259164406554e+02
7.172894194963471470e+00
8.255457204254380343e+00
2.199332171292864402e+00
5.427663672804094119e+00
8.307957088242307719e+00
-1.638611636769017110e+00
9.243980336356825589e+00
-1.738489539980883336e+01
-1.560314497870005113e+01
9.205044027462935929e+00
-3.057657465799922392e+01
3.484703502761071547e+00
-7.473293962569442783e+00
5.532510984538545173e+00
1.211846848995286408e+01
7.330380600654367917e+00
-1.171850866764487975e+01
8.039336995229241722e+00
-1.170645501421319210e+02
8.943135076817881668e+00
9.782137929706131274e+00
1.050874565839134078e+01
6.334302055697026645e+00
1.043524012657377575e+01
1.013888894690974674e+01
-1.447535119331465303e+01
1.247924907680928364e+01
5.210008835069713129e+00
