-4.075391940244757620e+02
-2.444251935083104286e+02
-1.841181190263297651e+02
-1.492012708384568498e+02
-2.486980159022702708e+02
-1.982024356431143417e+02
-8.382229982510143884e+01
-2.063954067560418792e+01
-2.322786384127787755e+02
-9.437189328077846540e+01
-2.617631042670220154e+02
-1.763218704185389925e+02
-2.346705326433819323e+02
-2.160666333462122282e+02
-1.676587590905668037e+02
-1.574615735374545693e+02
-1.935111159464076138e+02
1.200055550986673403e+01
-1.994068762830087849e+02
-8.220143520494939082e+01
-2.692204415367612569e+02
-3.014251485793733423e+02
-1.121191009295353922e+02
-1.119915182252714487e+02
-3.383720324884200181e+02
3.653756108448188655e+00
1.244087797688612618e+01
-1.087079987852406333e+02
-6.274464373981951582e+01
-1.360964966231297808e+02
-3.758678496291599203e+01
-9.235423888565669870e+01
1.196270954426256061e+01
-3.025746154440541247e+01
-1.073223778728549291e+02
-9.527461602955111175e+01
1.243001193841652174e+01
-3.278156958613431584e+02
8.645376680124066127e+00
1.241181073773370969e+01
7.441413805923892788e+00
1.104150406791069550e+01
9.948248922931188787e+00
1.033556087511478339e+01
8.830981088838104398e+00
-1.278855556386272809e+02
1.249587156194016657e+01
7.531167968945174707e+00
1.112649736791329325e+01
9.792211710004089298e+00
1.012312185854926661e+01
1.243625502206541533e+01
1.146049042948698293e+01
1.164419910521794321e+01
9.834627685405209263e+00
9.675401740041683851e+00
1.210153683606564456e+01
7.655285611547107294e+00
1.194253712615384622e+01
1.231170022080335613e+01
9.256022813147929185e+00
1.026329760134576929e+01
8.778181280136365672e+00
7.309588439154415695e+00
1.246105728606602092e+01
-3.911433944918676531e+01
1.251163566798854809e+01
8.570398919102263591e+00
1.243569755104098640e+01
-2.763939697238712156e+01
9.789248075591292064e+00
9.158418504840657448e+00
1.066852473091762832e+01
9.306616832746801293e+00
-7.186657761926706200e+01
1.249549997095179243e+01
1.202438123939339931e+01
1.165420688494417512e+01
1.249819775381462250e+01
3.003243385666365839e+00
4.118922649108023748e+00
1.232687722903624561e+01
9.719223985802475596e+00
1.252611373202503664e+01
1.502139615708358633e+00
1.246787318042153814e+01
1.221539396870338834e+01
1.043902467434126535e+01
1.190986182384532555e+01
-1.770188511367976503e+02
1.230189042934763322e+01
1.254582046614319424e+01
1.215957051368490127e+01
8.621419190606850691e+00
1.201612588802304060e+01
1.249121947721804560e+01
1.048801660129264945e+01
1.241067198719961873e+01
-2.258434418548983302e+01
6.744385164930450927e+00
-2.070826565661942027e+02
4.513126505660981280e+00
1.241431332639214702e+01
9.821990003298726180e+00
1.126065044775624457e+01
7.283972726535010267e+00
1.195800487458840955e+01
1.072010423427899184e+01
8.347494258539278178e+00
1.188334368599069180e+01
1.254465143852196718e+01
-1.236645137601753390e+02
-1.443888830043827909e+02
1.005022799219326934e+01
-2.173071375868478015e+02
6.595885906633009554e+00
9.275927618682946019e+00
-3.352542287577824709e+02
-1.673283647120924229e+02
-2.193631546853883094e+02
