-1.611300540058969659e+02
-1.650931040715772440e+02
-1.005103641923109734e+02
-1.005572327905244379e+02
1.242614785059189053e+01
-1.555770212938691657e+02
-1.404158490904135306e+02
-2.227150686870944014e+02
-3.055354761242359700e+02
-1.286238527195881147e+02
-3.356682361530430967e+02
-2.684146635341041929e+02
-3.658135899094987167e+02
1.251717748063354563e+01
-2.380694909745398036e+02
-1.432670816007175461e+02
-1.205240623742905512e+02
-7.402976536943977237e+01
-6.687416348902712571e+01
1.238818543203784550e+01
-4.645357104000471082e+00
-2.939598546985832286e+02
1.218368414183461468e+01
-1.764333315827794593e+02
-9.715134757108616270e+01
-3.364913929318167618e+01
1.188875653245751529e+01
-4.435455996936559586e+01
-4.564479145804458682e+00
-1.285385256044907720e+00
-3.035869036751118699e+01
-3.430305996497913412e+01
-4.040836317409198131e+00
1.240775981627733771e+01
-2.798990144638174797e+02
1.249275429953751626e+01
1.252247479818985454e+01
-8.240682350671562517e+00
1.239056455369656007e+01
1.236586260636303081e+01
1.235846695115864158e+01
1.213607662032968548e+01
1.013066293858840261e+01
1.211012075357166218e+01
8.795879190744834375e+00
1.067188519045557449e+01
1.255751937381133487e+01
1.178455334525153475e+01
-1.731647987205933816e+02
1.206428276881017325e+01
1.248059415345339751e+01
-3.514265809340339075e+01
1.072659618723047714e+01
1.063336844637570522e+01
-2.160736475066611888e+02
-2.448541411965445036e+01
9.755593754581447286e+00
-9.978314475130704864e+01
1.206509660670542772e+01
1.243617949491405561e+01
4.238286767725213622e+00
-8.613262444004907081e+01
8.425125794783340893e+00
1.143620105346063553e+01
1.256409457748741687e+01
8.240660248627103002e+00
1.093736792638756228e+01
4.619042198378268793e+00
9.275051116516706884e+00
6.571944463582127582e+00
1.194014706513241819e+01
1.206237634594355690e+01
1.208922845145453451e+01
1.173768392676311834e+01
1.143000057410209891e+01
1.019820999952564478e+01
6.793544415944330339e+00
-2.182548621856163038e+02
-9.586164285750643899e+01
1.156764153760992642e+01
7.771643835592685789e+00
1.211971782984077350e+01
1.057005298363375090e+01
1.235109271949645660e+01
1.159000307813451869e+01
8.474597315646175133e+00
-1.175200540384594206e+02
1.057608678738228747e+01
3.230901187626487925e+00
9.732199150112297303e+00
1.221129665497236161e+01
1.112522139399893639e+01
4.980242388251705066e+00
1.069506788400145325e+01
1.213779588471761173e+01
1.250289142218012017e+01
1.209154775763256140e+01
9.990588141779504383e+00
-8.790088507757130287e+01
1.044515100927311302e+01
