-1.410724597067741684e+02
-9.365510056958846974e+01
-1.701736255699628941e+02
-3.238124438055795622e+02
-3.535283093539841275e+02
-1.704224439113977496e+02
-1.207844754082594676e+02
1.250271274085548256e+01
-1.565632007476802698e+02
-1.747879649807921680e+02
-1.163605343537492871e+02
-1.282011511482917570e+02
-8.246216135844096584e+01
-1.656322106059488419e+02
-9.082214291481554369e+01
-1.150211977931706144e+02
-7.213880596080997520e+01
-1.962161041345088961e+02
-1.584253830987320555e+02
-6.472968833345032635e+01
-2.824919477128991119e+01
-1.506991759780726454e+02
1.256367923302870082e+01
1.250775555367702907e+01
-2.021652333233047116e+01
1.252184910752521496e+01
1.104750706786008152e+01
1.222914283350245057e+01
2.376509780956777007e-01
9.723482719791800122e+00
1.253916159027987831e+01
1.157100367992426726e+01
1.248839630301189452e+01
5.095117276288315011e+00
7.663093190201027305e+00
8.305446688311430847e+00
1.016621644675573322e+01
1.182233565199997294e+01
1.127208619650665966e+01
1.200372466695998774e+01
1.241568994710883089e+01
1.151331575335511737e+01
1.202234978376244712e+01
1.234548494842012900e+01
-1.851104399943123724e+01
-1.668258047993728965e+01
1.090074808030573195e+01
9.596879148654785752e+00
1.238848093582334542e+01
1.152166331350501594e+01
1.239567238523699011e+01
-1.518688356388493332e+01
-3.290656627955740277e+01
1.122360523389988884e+01
1.253186539694688761e+01
1.077203875568962488e+01
1.085275594567978175e+01
1.234072539802406610e+01
1.243535233720040267e+01
1.120615169241744802e+01
1.251469062026770018e+01
-1.766502583670850868e+01
1.250597819793421550e+01
9.668380898244588906e+00
4.220745527576159617e-01
8.578347125273273477e+00
-1.736734258884928295e+01
9.612704216926193368e+00
8.228198772808426043e-02
1.150869770213527410e+01
1.135922894075478595e+01
1.116096560574577090e+01
1.023521942388111938e+01
7.530381931464825485e+00
7.272091382808190119e+00
1.219569932837352511e+01
7.767386543321324055e+00
9.928136879727253117e+00
1.069226116872847676e+01
-1.087288433271885708e+02
1.243512519851925546e+01
8.923829734120580781e+00
-1.496807047097440773e+02
6.998079683215882696e+00
-9.784618980638265384e+01
6.508028142999320309e+00
7.304190837530089020e+00
9.743372886827170731e+00
1.199347974881747092e+01
1.210774632516321780e+01
1.026402271212631057e+01
1.053611741027108017e+01
1.002533776497809015e+01
1.247625599168073585e+01
1.197474486730786225e+01
7.306624879138077233e+00
7.148374304303805715e+00
4.534892302802278508e+00
1.143736851052856274e+01
1.111237523259929105e+01
4.501450583270070638e+00
1.069238307848517522e+01
1.101182606890189319e+01
1.016926653714330442e+01
1.065702098665912878e+01
4.622928840308755838e+00
8.095659321026413835e+00
1.183899584751938505e+01
-1.886301636275040607e+02
1.247787173708141495e+01
7.707522588141879183e+00
-3.239179197265531940e+00
