1.014080743823657826e+01
-1.991933374456648096e+02
-1.349850170137850682e+02
-3.248247738694590225e+02
-1.161797804638604106e+02
-1.253332653597588262e+02
-1.095415888254396890e+02
2.380236495292251675e-01
-1.365588810559933393e+02
-3.090334535391028794e+02
-3.694848959351169242e+02
-1.080806896310214711e+02
-1.008568285486644811e+02
-2.404973967639469379e+02
-2.424392637908953247e+02
-1.107490076904918936e+02
-2.046710163665272546e+02
1.204427252476006416e+01
-1.701536773977303767e+02
1.228199543935537719e+01
-4.358696938194790391e+02
-2.781208136882747226e+02
-1.413721399140091535e+02
-2.882926585315532861e+02
-1.574008839184131503e+01
-6.612833030982891103e+01
1.255869195365981028e+01
-2.674015384808157592e+02
-3.945504446835292356e+01
-5.618683794851632030e+01
-1.301490171241367833e+01
1.252437605396845832e+01
1.151734590804741387e+01
8.161412115419217628e+00
-4.920702916469853250e+00
3.188858079938428958e+00
1.254061389554124162e+01
2.380031595311784542e-01
-2.511247787487180290e+02
-2.080228014476904619e+01
1.211631125687424770e+01
2.686105826660345031e+00
-8.518385017355554112e+01
1.140719083150230873e+01
1.239865233702354175e+01
9.877723811935599230e+00
1.251382440730140466e+01
1.218983499291991990e+01
1.243027030293387192e+01
1.257326600947326511e+01
1.249831093231438750e+01
9.577722641222766953e+00
1.247169092841143367e+01
1.066101877892611327e+01
1.253577918075935571e+01
1.250159248009376256e+01
5.988033171045415770e+00
1.022996824922610770e+01
1.069136790327864261e+01
-2.531348612327999348e-01
1.246371553660913101e+01
9.907487432043865283e+00
9.443072907216626177e+00
-1.706065902995833028e+01
7.419182944277157965e+00
1.253593959573028904e+01
1.232653338562379730e+01
-2.999042718547251241e-02
1.249762708931633171e+01
2.119664369813042626e+00
1.256325869989555599e+01
1.219107526816252474e+01
1.113768322925018417e+01
1.157291877722237317e+01
-1.075509357253379079e+02
-5.910028722529352763e+01
8.672485210495009866e+00
5.594837155217250668e+00
1.247599943678884493e+01
1.245993435176900910e+01
-1.141907321179470358e+02
1.015758567280038349e+01
5.305690871127682229e+00
1.239933425890698970e+01
1.804739574836286664e+00
1.038556940222383140e+01
6.081332052329614157e+00
1.205551311252710356e+01
8.249520724181930831e+00
1.235851035568013678e+01
1.143607597926679453e+01
1.232502851698787794e+01
1.244238373778670770e+01
1.060124317780987546e+01
8.942990336075238744e+00
9.031124007973030388e+00
1.233213203926467827e+01
1.256060373862240098e+01
-1.045958139130847258e+02
1.243263210795454121e+01
1.254503332631270496e+01
5.879222333489103391e+00
8.240586960270404049e+00
4.589449257790631620e+00
1.133416084529989298e+01
9.447751723012499880e+00
3.380108202138286444e+00
-1.683914975196898212e+01
-1.329535225141156829e+01
6.826684926761307892e+00
1.176176689762788996e+01
1.254574930421453338e+01
1.252463677356149141e+01
1.246938370274906660e+01
1.222512163553325237e+01
1.192186870568329304e+01
1.219084701440195673e+01
6.283617352157069291e+00
1.070445928696709892e+01
1.256227784042935447e+01
