-2.973261186749613785e+02
-8.418365330391905843e+01
1.225928612015802344e+01
-1.735286249426058873e+02
-1.934873463801982609e+02
-3.454137834208320896e+02
-7.920505871543244325e+01
-2.842067071550574155e+02
-1.172757528471937007e+02
-2.408950571547992752e+02
-9.646129053236658990e+01
-2.608314818389890775e+02
-3.555098094368143506e+02
-9.365414470473345432e+01
-1.771092521640137534e+02
1.246391871701671761e+01
-1.083039638505954798e+02
-8.417438401687084593e+01
-1.298397148761809490e+02
-1.072218256866584198e+02
-2.964772669931477935e+02
-1.044661091454674420e+02
1.250053722863822792e+01
2.855434667297798157e+00
-4.986959793936676277e+01
-1.769630243193876709e+02
1.175654120927217861e+01
1.257499911532052117e+01
2.013770912264634561e+00
-1.262453643465859159e+02
3.940580013901167078e+00
-7.840546044702595907e+01
-1.614015443456689241e+02
1.256919005205649675e+01
8.930918902943643545e+00
1.250009079485446506e+01
1.241478755726239136e+01
1.224814804824877079e+01
1.224931405807283014e+01
7.270827124814501552e+00
9.515610687540185353e+00
1.235284812554128564e+01
1.222809861187438862e+01
-3.678512352048912817e+02
1.245148133122031098e+01
1.249097522399202376e+01
1.144194311427674293e+01
8.216059019049016143e+00
1.216348579186898249e+01
1.233323067589084587e+01
9.670622815138010253e+00
1.232497196099051351e+01
1.018680914275153171e+01
1.255035588221197251e+01
1.092341140883458017e+01
-2.256321333877559354e+01
1.039118110111712490e+01
5.088420335033379871e+00
8.076114882756474600e+00
1.010341207969348432e+01
-3.740548036994477599e+01
1.230799416470996555e+01
1.162100924168008120e+01
-5.759109678421809519e+01
9.489656125206366255e+00
9.558854059409553017e+00
1.213221431675655460e+01
1.253764965359955141e+01
-7.420048529197451614e-01
1.122433732318250676e+01
1.252343917133866213e+01
1.004952939276954815e+01
9.812473706032019294e+00
8.692000698515464308e+00
1.255188208902280067e+01
1.207572688352814971e+01
1.193514217740653649e+01
1.228888189096765515e+01
1.256804044249362029e+01
9.307251179057125512e+00
-8.635657627045712559e+01
1.226497027116467287e+01
1.255634251367601095e+01
-1.196306492716983172e+01
1.163542685083105965e+01
9.243725907263716124e+00
1.115806054175192230e+01
1.239350393017058494e+01
1.209804616798370525e+01
-1.683070533471704167e+01
1.124725953210389662e+01
-9.798579486718010401e+01
1.189587632584283128e+01
1.196847182578950886e+01
1.253773101240749099e+01
-6.208662289223130415e+01
1.194784492768080142e+01
1.248647664707235627e+01
1.239548767632867765e+01
1.221907509170524619e+01
1.162360335215198859e+01
1.222723856960610789e+01
1.202604825743426176e+01
1.188482920783039809e+01
1.253381473997070650e+01
1.029945914810261343e+01
1.212307066179704229e+01
1.117111303323145677e+01
1.239399367908485239e+01
1.257088325639534787e+01
1.244393651862043626e+01
1.154169437302776302e+01
9.338698787305265370e+00
9.967788984025526489e+00
7.281698636021085136e+00
1.234810376846694524e+01
1.252824138776012930e+01
7.723187561765341158e+00
9.459080607013008901e+00
1.231532895228272118e+01
