-2.238434109471835711e+02
-9.500105043551234019e+01
-3.454069712175116251e+02
-4.123981168316909702e+02
-1.605220489389831471e+02
-1.489076314696299335e+02
1.247198523264606962e+01
-1.126824307645772052e+02
-2.015757330580874509e+02
-2.525108767182260578e+02
-8.228677681926554044e+01
-3.292540252745648104e+02
-2.727799067675744595e+02
-1.584426421787448476e+02
-1.864733683022305968e+02
-3.150696016510028130e+02
-9.777917372301662624e+01
-2.020802373389227853e+02
-1.256579985155553914e+02
-1.136241723158770327e+02
-1.839004543826016231e+02
-1.334415459450185040e+02
-8.714416576411606741e+01
1.171041717322674280e+01
-1.402438492864985449e+02
-1.407368337478244769e+02
-1.261402534898372778e+02
1.221488848693492102e+01
1.247025057454054320e+01
-9.254607623287272133e+01
-1.909880026914421336e+01
-1.032407165595671472e+00
2.047137456487067908e+00
1.251205054877272893e+01
8.283608264986121128e+00
5.086073290649292034e+00
1.228453044473216771e+01
-2.637430690668018940e-02
-1.749821817754917319e+01
1.009246463433199104e+01
1.248807492172963229e+01
1.255233551725851804e+01
-5.807240937106762857e+01
1.206445239101372913e+01
9.026385700223162445e+00
2.343574779166546662e+00
1.216556877798678826e+01
9.690103839478023673e+00
-6.324372841017172675e+00
1.240353500859517588e+01
1.218284970875317441e+01
7.012603708032062677e+00
-2.774127044224103145e+01
-5.098375698445998694e+00
9.219648472957384655e+00
1.196562586796196648e+01
1.250886031364798257e+01
1.182209523244258875e+01
9.228972544073348772e+00
6.942096558958526842e+00
1.236438874039727054e+01
1.240297686967542035e+01
1.013384097342406065e+01
5.235653288853976406e+00
1.028654346401202346e+01
1.152203067543480230e+01
1.232224663391147423e+01
1.239986687970384338e+01
1.202405301977550955e+01
1.016354184814401052e+01
1.003140593838243788e+01
1.012453091332016086e+01
1.099898551127019886e+01
8.467749407610684287e+00
1.211724017888810678e+01
1.100731492761376096e+01
1.249275335835668344e+01
7.309993325510581563e+00
1.227579674912493779e+01
1.242915435873680607e+01
9.859803376306469858e+00
1.091629191885208705e+01
6.693841925522866276e+00
1.181315336917241332e+01
1.239309569680444056e+01
-7.182656348178735328e+00
1.246264966687701126e+01
1.243290101201938924e+01
1.241149563983691451e+01
1.187805264788128312e+01
1.206782866283259814e+01
6.621697319891724831e+00
1.040970566798490538e+00
1.255937947038270508e+01
1.001845022874537250e+01
-1.500729402185191041e+01
1.251349060777188527e+01
7.516864780309224336e+00
9.337403005067708150e+00
1.182316595207301546e+01
-1.183651132974087972e+01
1.245164509033117284e+01
1.064276261018452985e+01
5.519146529610875263e+00
1.202055063499285659e+01
-1.595267422250760170e+01
8.053477519065440404e+00
1.240862944762319664e+01
6.324548130832400972e+00
1.253574045315169982e+01
1.197328390678724297e+01
9.926285599517395752e+00
1.246375232378109033e+01
1.123540590063986855e+01
2.361013054701894376e+00
3.326569808944917384e+00
1.228685854612669459e+01
9.746958008654914352e+00
1.237677412125602494e+01
7.169999845494654522e+00
