-1.214791028696024853e+02
-1.692112427446632523e+02
-8.486655527150188050e+01
-1.363764581984532356e+02
-7.585718422903984504e+01
-1.115295678139146816e+02
-1.322540452721968904e+02
-7.820709979455899941e+01
-7.526145425048301263e+01
-1.519710688878081726e+02
-9.831290622595930984e+01
-1.473654562532283876e+02
1.249417785073009668e+01
-8.058479327797985547e+01
1.255916745650479704e+01
-2.495527892217331356e+01
-1.286407330518926244e+02
-8.557776775550149750e+01
-3.205772486208969667e+02
1.258137256300092055e+01
-8.169378128046732002e+01
-3.146824510788807316e+00
5.817895533467929425e+00
-1.102070383521320025e+02
-2.715081552008390986e+02
-1.287806149843672188e+02
1.235523889736231773e+01
-3.713005168907277920e+01
9.824541275105662663e+00
-3.174501614875931921e+01
1.252810743405207461e+01
-3.631235265289287639e+01
1.101336195854666933e+01
-2.416963294160526843e+01
1.139445437540866024e+01
7.618053445858589789e+00
-8.109004351730436611e+01
-1.554534952710455116e+02
-1.874494831841919051e+02
-8.689900398037481466e+01
1.228887253890271580e+01
7.831130400220852827e+00
1.148929178883361324e+01
1.253314749945391071e+01
1.255217895185221266e+01
5.005915573866349888e+00
1.197176200904261378e+01
9.784480479626740390e+00
1.045089624684946727e+01
1.255704813646733697e+01
1.256428641805455726e+01
3.584310641368761097e+00
1.227909942527748832e+01
9.032701349193358098e+00
1.226555242405749269e+01
1.194328280112187812e+01
9.809090216467467371e+00
6.198551756159568882e+00
1.219371841467839701e+01
1.256010370749291205e+01
1.201915076867298282e+01
7.362901409290841137e+00
1.123788014728411078e+01
1.031168273831896443e+01
5.249529192816018153e+00
1.226578744955653200e+01
1.251376677619952638e+01
5.878892071693622157e+00
6.107162161875738349e+00
1.096338928692439296e+01
5.802072971365312526e+00
9.534337606725468817e+00
7.925371819158134379e+00
1.189174351178114719e+01
-2.303661593775524636e+02
8.802604704933507662e-01
1.091208617942464443e+01
1.213717829990091879e+01
1.248760390582037161e+01
8.787537561150333687e+00
1.252178343933454130e+01
1.072951328849278063e+01
1.123758944695597251e+01
1.203648508056758715e+01
1.223960721157715170e+01
1.205790808680206538e+01
1.193833836023762807e+01
1.257858936799605765e+01
1.252971338130271306e+01
1.222690386037577426e+01
1.186027046543911290e+01
1.123701859993776075e+01
8.189648341608608106e+00
7.385149038028379742e+00
1.217840549786035531e+01
1.244391683014990591e+01
9.245903965000392688e+00
-3.800201321729712589e+00
1.257934761844758498e+01
9.984234863148927275e+00
-1.422836990909103747e+02
1.229663772931538013e+01
1.234747489856263591e+01
1.783381236059952357e+00
1.205758109208768580e+01
1.256407027333492366e+01
1.038652162229977272e+01
1.253469541707728574e+01
1.068252572028357150e+01
1.087373217390904756e+01
1.238790172311524529e+01
-2.835336516638358262e+02
1.117242759156702014e+01
-1.790436905576877180e+01
1.251830906808603849e+01
1.253433573148415192e+01
-1.408878424767741251e+02
7.894564579631837553e+00
1.251219973244526074e+01
2.811802707705679083e+00
