-2.404041125762210243e+02
-1.951658383279279576e+02
-2.908748904403989286e+02
-1.527241996244532345e+02
-1.545975445487063382e+02
-1.285998515467836683e+02
-2.207065164188572624e+02
-2.199444849514149780e+02
-1.774844020417855859e+02
1.216758286969075442e+01
-1.939934644519752851e+02
-2.559992707681568618e+02
-8.155766581706623697e+01
-3.328258660462980743e+02
-3.599579954571560734e+02
-1.685581184858310166e+02
1.248872059578904548e+01
-1.796566214251541567e+02
-1.696529499658445559e+02
-2.760803064888093559e+02
-1.977921942583026294e+02
1.201480412071465409e+01
-1.753570939149741434e+02
-8.744262506266854018e+01
-1.602338565512088451e+02
-4.464537668702889306e+01
1.257250991004238827e+01
-1.035287943433551163e+02
-4.666932865173855305e+01
-2.997098892595604980e+01
1.226097209735224780e+01
1.248706292118847827e+01
1.148529940401265037e+01
-1.721351515209693872e+00
6.520180605665530038e+00
-1.001013010895284765e+02
-4.406180936371576706e+01
1.089189197166227707e+01
1.250126827764793447e+01
9.764142825216126198e+00
-1.172308707169291253e+01
1.054271541813779223e+01
-1.107305703708104403e+02
9.460587097718242688e+00
8.149883959722057369e-01
-2.031467478205840393e+00
9.168562856400129135e+00
1.244493482147245622e+01
-1.782351049992062713e+02
6.126283674114377575e+00
-2.798816430226037255e+01
1.247735011198011179e+01
1.103634106585016639e+01
-2.160752564182796576e+01
1.250882216298590066e+01
1.014442728293611395e+01
1.250167470434261574e+01
1.230135296402516687e+01
2.117722151563210531e-01
1.248736486212684582e+01
9.124057047078332872e+00
8.926904942795538034e+00
1.239240510828251018e+01
1.186903694424933420e+01
1.252765191102237097e+01
1.053219001429912538e-01
8.043152814873335998e+00
5.310189298142189429e+00
1.478021350474429951e+00
1.227424244098276951e+01
1.114356538767753335e+01
1.254854947820043876e+01
1.131282851475222628e+01
1.253580816681590271e+01
1.057915119031829398e+01
1.252517972982519368e+01
9.255946486277258245e+00
9.880332925745117123e+00
1.192975081734169862e+01
1.217738295293196060e+01
6.195392447594956664e+00
-4.588041674527584490e+00
1.027032744972978229e+01
9.269622374592788816e+00
1.175591470381528580e+01
3.198662639697037235e+00
1.244539856595867278e+01
1.242216827837813042e+01
1.248372189006054178e+01
1.196760377187600177e+01
1.067399583883219627e+01
1.226218908366313265e+01
3.663367662989498896e+00
1.057645093978091921e+01
1.244806144815420090e+01
-1.327996754031619275e+02
1.252593693095962379e+01
-2.068008522925205170e+02
