-1.296520315465025703e+02
4.221466296299839271e+00
-2.970903679761855187e+02
-1.340725146873465690e+02
-4.159560488945825227e+02
-1.639121395514024471e+02
-1.256646100567677422e+02
-1.902147133351135153e+02
-5.514448844661731641e+01
-2.099304403160277275e+02
-1.649154757556435129e+02
1.245815778727822121e+01
-1.272161972315702627e+02
-8.445781535786353800e+01
1.172565158735728907e+01
-2.956785703489021557e+02
-3.904170784589018126e+02
-1.549348388844479700e+02
-2.088763686988475285e+02
-1.294838015718334248e+02
-1.227217466088451516e+02
1.232621227721005397e+01
-2.796928583313852528e+02
8.113309956612148710e+00
-1.973085273091143677e+01
-4.214991242669240279e+01
-8.856315233911079332e+00
-1.729452330936061912e+02
1.217436607725819186e+01
-7.036491849354004557e+01
1.253694322117013549e+01
-1.125885159548764847e+02
1.223539642352432466e+01
-1.117746119480204925e+02
-2.731210576189617996e+02
1.097054802567513221e+01
1.172965758967290917e+01
1.254233367233189078e+01
1.226235461413429917e+01
-2.452842067177587353e+02
-5.207321198841755461e+01
1.253943367571697820e+01
1.114939831854409036e+01
2.029599366172881503e+00
-5.403653453325837575e+01
9.407998054699930890e+00
1.104800636520056045e+01
1.193544881141415459e+01
-1.249638153688475626e+02
9.714571906695638859e+00
-1.088202596170511782e+01
1.210772984545284459e+01
1.199125567013645544e+01
4.308304800237257481e+00
-1.197507375552549291e+01
1.255807064736837120e+01
1.527726178065032414e+00
-1.030796009083207991e+02
-2.017346112485896015e-01
7.848141762043889358e+00
1.155657035869892724e+01
9.231880586654481746e+00
1.252131526761068514e+01
1.168083308243678076e+01
7.726050547725290762e+00
1.211332129744243424e+01
9.905737998616174877e+00
-1.691491908126784693e+01
1.250079780865512902e+01
8.056572620215394664e+00
7.079086118618278967e+00
1.212607972388122057e+01
5.666731055443889886e-01
8.799469304712429718e+00
1.212049429913491494e+01
7.848750746802966027e+00
1.248554010939566972e+01
1.240178401899358995e+01
8.540278360211852160e+00
1.170134700589490784e+01
1.249657423865686212e+01
1.219738493910117150e+01
1.209998335949249793e+01
1.174317524313185146e+01
9.017602186077718684e+00
1.137510203580832879e+01
1.249705271467191636e+01
-7.172550749755126276e+01
7.610307931329942654e+00
1.253943619394333808e+01
1.242227388478969630e+01
1.162382475637002699e-01
1.252803583918312924e+01
9.667428641587388682e+00
1.198166734756447127e+01
1.195194855464966111e+01
-2.020566078588983032e+02
-1.734226426108507439e+02
1.243622172966625250e+01
1.110695612087953954e+01
1.154791579333976514e+01
9.563012573696425989e+00
7.775448995053062085e+00
8.091191310069401510e+00
8.142057521546188781e+00
1.174790201689301661e+01
6.172845197917650850e+00
1.254164325836031146e+01
1.177951193512212846e+01
1.068420377727676929e+01
1.072876613840415416e+01
1.240640347916295738e+01
1.248166326332188802e+01
1.223319656566459379e+01
1.232077135585595151e+01
1.250452921033209819e+01
1.230329891083736271e+01
4.450876430366347947e+00
1.066995146912479342e+01
6.066403619714925810e+00
