-1.002346114548614935e+02
-1.236493554588482624e+02
-1.929348925415152394e+02
-2.803585401191906499e+02
-1.574312171955673989e+02
-2.383381649092911800e+02
-1.751249442216955856e+02
-2.078618584052000813e+02
-2.104814714436510314e+02
-2.969591510682606099e+02
1.250650888432933527e+01
-2.067918375502957531e+02
-3.190553300221724840e+02
-1.053410259940776257e+02
-1.869783705581653521e+02
1.257321636857504110e+01
-2.297465380065204670e+02
-3.516330314802932548e+02
1.192014931314846926e+01
-1.218300930221579392e+02
-1.808043032345794359e+02
-1.403644985910040646e+02
-1.586776732928198612e+02
1.228508777431463095e+01
-1.471335535485638957e+02
-1.334490513619796843e+02
-1.583428644374821772e+02
1.235631335336332981e+01
1.255298224937900642e+01
1.244478789401081009e+01
1.242178692584140975e+01
1.249217893234964549e+01
-1.775441964454291366e+00
1.217778639085321046e+01
1.251366757419445719e+01
2.850616408620485487e-01
1.052595718745172704e+01
1.146976097442942333e+01
-2.685329625696106746e+02
1.251756162719187948e+01
9.767554509240955696e+00
6.815165775734124409e+00
1.236856451954022873e+01
1.041787229692463690e+01
1.130012622169021341e+01
1.255578450310834349e+01
1.099626515275889815e+01
1.227020199408610424e+01
1.253132749529337886e+01
1.214209445780837271e+01
1.244193051058277177e+01
1.159601460955375529e+01
1.199910879270054664e+01
1.224020767520252129e+01
7.532287997291324366e+00
1.219256556017883319e+01
1.164374474767905454e+01
9.541433329413012032e+00
1.077342768753497459e+01
1.013970683439752563e+01
1.121106478666867545e+01
1.251728615462971561e+01
1.204279871839179350e+01
1.200702726427195088e+01
9.924259024367419357e+00
1.219399640224050252e+01
1.195436072155844620e+01
8.666956381110299645e+00
1.148648785193752353e+01
1.248583212604201442e+01
5.303143353869462118e+00
1.136857098656854248e+01
-2.519099847916965729e+00
1.253569690256066593e+01
1.065293959933126189e+01
1.250926052254373744e+01
1.230308421571995048e+01
1.143234732901110462e+01
7.673416610556968998e+00
1.096059080821270726e+01
1.224909269135032730e+01
1.179247719162109576e+01
-9.518662202381796078e+01
9.150186463272195425e+00
9.452241858182340195e+00
1.046277495231649901e+01
1.136410519666232943e+01
-1.223677882374774484e+01
1.245746952300697785e+01
1.255025054477554036e+01
1.054708175759473932e+01
9.850327096987655295e+00
1.176648861534157753e+01
1.249111343137380814e+00
6.495381226299329569e+00
1.218174901498178997e+01
1.080560974610624747e+01
1.255695320966124484e+01
7.382301636002808642e+00
5.732263911475376617e+00
8.130125475627554721e+00
1.190869275711105146e+01
1.250795403236796055e+01
1.203263879105140788e+01
1.126048529607961157e+01
1.204888575882766233e+01
1.032519735445344899e+01
1.020897895402405453e+01
9.907705626776696306e+00
1.247274042001579097e+01
1.237256600375932791e+01
1.106915942365206718e+01
1.257283668379592534e+01
1.083852126977621921e+01
1.027899720234894687e+01
9.449582900840059807e+00
1.256134750592616811e+01
1.253944366462757287e+01
-5.747677522597007282e+01
1.202305175352720035e+01
