-8.780036632488695147e+01
-1.983939639269734982e+02
-8.821518342644414190e+01
-2.326310335269625114e+02
1.253760354887529616e+01
-1.795265535833770230e+02
-3.201255480031185812e+02
-2.822090025314828949e+02
-2.322499181208036987e+02
-2.170541979372281673e+02
-2.212512884906548436e+02
-3.295067560758469654e+02
-9.187190640371639461e+01
-1.279128019876032738e+02
-7.434617551053614193e+01
-1.028370773790418298e+02
-7.525961168308587901e+01
1.256700588914037908e+01
-6.257960807198353592e+01
-3.309462108310707151e+01
-1.998444861809072393e+02
-3.336253587589098402e+00
-5.430917395789442992e+00
-1.493759373813143725e+02
9.749297083675660502e+00
-4.436531854228163070e+02
-3.179696230114469131e+02
1.222315372677102019e+01
-2.640992721647305075e+02
1.229564904642094447e+01
1.037567281287251220e+01
8.848717125795499072e+00
-9.707791449334852985e+01
1.175128690735055237e+01
1.249438201244333158e+01
1.254145510685844478e+01
1.470669420883705669e-01
1.230165256745102909e+01
-1.954378076465275171e-01
1.173408054451892291e+01
1.221627286070937757e+01
9.557008401991396340e+00
1.172457009628963753e+01
1.241180303469458934e+01
1.150355385628943239e+01
1.250422645232118235e+01
1.173076748818669479e+01
8.894901808646945796e+00
-2.388127005339443087e+02
1.186732600879700428e+01
1.223343872915653385e+01
9.598979765434739519e+00
1.231691523992744131e+01
1.088713946881803452e+01
8.038127313876611169e+00
8.039723153797421418e+00
7.823463439890397275e+00
9.338061252543031543e+00
7.991746917310352138e+00
4.912192145304327795e+00
1.053114240509032840e+01
1.250617534276986476e+01
1.245664506842020280e+01
-1.767427491971321984e+01
1.206088170238262691e+01
1.240836999030232590e+01
1.853232477187024330e+00
1.225443800151201756e+01
3.754047875972592152e+00
7.569495748003261859e+00
1.181981961781595913e+01
1.121435261726660215e+01
1.896317900976649540e+00
1.250563056952369756e+01
1.014963170948908200e+01
1.132042861983547155e+01
3.706982790407256090e+00
1.231609977429273606e+01
1.251447823433293749e+01
1.147349642873894382e+01
1.248762452490585773e+01
1.000022453604956851e+01
-1.892646416756345928e+00
1.223018524747036295e+01
1.163412076954063146e+01
1.237269834401005930e+01
1.141412401682258704e+01
8.629916595142464786e+00
1.070699880944366100e+01
-1.504849682742664818e+01
1.081545810242041483e+01
1.072937918509698463e+01
1.071299399123391360e+01
1.254275432958656644e+01
-2.027518695309383290e+01
8.369450697242832860e+00
9.997347353043371854e+00
1.242645449885714726e+01
1.252304257188622216e+01
