-9.414613224812612202e+01
-2.497062152466726275e+02
-2.297584980804640509e+01
-3.146067211272719533e+02
-3.631588689149099309e+02
-1.382882436773823258e+02
-3.065809057976093186e+02
-1.232142730880633366e+02
-1.412513376573544406e+02
-2.597740151866225347e+02
-2.742053562243256124e+02
1.099350820961996789e+01
-4.502207671909205260e+02
-9.108134448827009066e+01
-2.985581502278104722e+02
-4.044985497444649241e+02
-1.020869034497087569e+02
-5.450466576223826110e+01
-9.523467292076159652e+01
-1.435973885331930262e+02
-1.809057672900812861e+02
-1.530411071155216121e+02
-1.665944626817020264e+02
-9.378206845188647378e+01
-2.777983096227279702e+02
-2.115037735573852160e+02
-1.255238136152238724e+02
-1.821631406792683947e+02
-1.291914790485346316e+02
-2.293932705432209787e+02
-1.210351285126640732e+02
9.627176608800118274e+00
-6.688210013449701563e+00
1.255074568964592530e+01
-1.291878781703761092e+02
1.175669271128154492e+01
-2.134347766713785006e+02
-2.145528213885519051e+02
-1.112515503768548086e+02
1.248551400320936899e+01
-1.916488370174658940e+02
-1.649279491997601781e+02
-1.336729134629979114e+02
1.090762484536041654e+01
-1.065031030765012758e+02
-1.272717358179377527e+02
-3.355818538583228019e+02
-1.959692362757119497e+02
-1.204012197895061718e+02
-2.449438747826773124e+02
-1.074144512256365829e+02
-1.895728117388195813e+02
-1.746630909519867316e+02
-1.747116590099229256e+02
-1.438358827292900060e+02
-1.500870412297422547e+02
-4.620219649816012009e+01
9.375282115148891648e+00
-2.129102780206816306e+02
6.585104648043799358e+00
-3.008145217992633889e+02
-3.520055738582139071e+01
-1.545799921536676038e+02
-1.579263961169737343e+02
7.730238854068916865e+00
-8.476651089054503529e+01
1.249735320896905222e+01
1.227428049021717271e+01
-9.101428929936821532e+01
-2.103035973004867571e+02
-1.882300101645436712e+02
-2.136103545785327356e+02
-8.791426157435733302e+00
1.256298720980294092e+01
-1.161584508047950948e+02
-1.234594303633524959e+00
-1.040885415626016197e+02
-9.532136575224502906e+01
6.670335245817215153e+00
-2.868130652250447099e+01
-8.829948782012779418e+01
-2.039143823460205454e+02
-1.083412414828558497e+02
-2.979687720802609974e+01
-3.222560043002914654e+01
-3.768619578976748130e+01
-3.173091796777782392e+01
-4.749375409901760037e+01
-1.857345373841425271e+02
-2.791595612314725940e+02
-4.938332822584803239e+01
-1.649107181016166379e+00
-6.730984395065917170e+01
-3.082553101466109879e+01
-2.190208802705052165e+02
5.723711391939387383e+00
-9.442492855148968545e+01
3.769516505977035692e+00
-1.133800274519827269e+02
-4.853517000757550477e+02
1.137116679668882213e+01
9.941271472086096850e+00
-2.952834509481554193e+01
-4.808089259305511831e+01
1.254415731882039253e+01
-7.911317341509794687e+01
-2.774379492213490721e+02
9.256346665601078882e+00
1.238898650723286288e+01
-4.454357774685941962e+00
-1.810280165425023924e+01
7.633640931386888262e+00
6.970706927627272620e-01
9.074762340605376565e+00
1.253117210939492665e+01
1.576904501364946753e+00
