-1.290096268575731244e+02
-1.960310658104713184e+02
-2.042321315331191158e+02
-3.386241303522063504e+02
-1.442874801852922531e+02
-7.807912635725521966e+01
-1.457555738330306951e+02
-1.603151791364900873e+02
-8.848715125519227342e+01
1.176544794397214844e+01
-6.380874335543349218e+01
-2.228495357598981172e+02
1.209370909267639860e+01
-1.962678067689550971e+02
-2.214239320009965866e+02
1.132773039095933676e+01
-1.110974738065006164e+02
-1.910266557302619219e+02
-1.166243180775652490e+02
-1.958515007973040412e+01
1.248123562938618747e+01
-7.383152928099892165e+01
1.205088624548466569e+01
-3.080508264860911893e+01
-5.864592209979981874e+00
1.246414311748566206e+01
1.252220881426722165e+01
1.232089185855709346e+01
-2.516062221118688313e+01
-4.263886643885057026e+01
1.248794698600269371e+01
6.198856909320392461e+00
1.239680925494695352e+01
1.240569472372857973e+01
1.211342210689554122e+01
-1.367466237306279027e+02
9.133610279745015603e+00
2.256638402071411420e+00
1.252420768480056346e+01
1.246293107606599193e+01
-1.755110761334711640e+02
1.072538930199808860e+01
1.255711228692668691e+01
8.159700006865556077e+00
4.620410294479846414e+00
8.665458557657240490e+00
6.138072639443441503e+00
6.474848820928498228e+00
9.320869445198088243e+00
3.691054294029118665e+00
1.198489663046497178e+01
1.179261078642743144e+01
8.678427288300630593e+00
1.208807844338994641e+01
1.227581492629706439e+01
1.708442679296005906e+00
1.243918943431098967e+01
-5.828277870118014903e-01
1.256572157960917835e+01
1.101233749511585636e+01
-1.348441211804715323e+00
6.780867621509498733e+00
6.441806033542979648e+00
1.076739235380116888e+01
-6.563978614782527643e+01
7.742482896282423255e+00
1.167883771273575633e+01
1.238862922723997606e+01
1.248680298562249291e+01
1.253458058203997716e+01
1.227112378910653945e+01
-3.815850234356634729e-01
-7.662915486659525044e-01
2.219040473460864860e+00
1.220743690610416365e+01
1.144504891348793052e+01
4.051810404234611696e+00
1.249711090597499208e+01
8.103800728687236443e+00
1.131240769478212371e+01
-3.018575846590429990e-01
1.247584285421107353e+01
1.239718698413303244e+01
8.080024623742579237e+00
1.249162125404414425e+01
-1.392459366048773894e+01
1.046401330537573315e+01
1.057061988694790600e+01
1.183713847361139671e+01
-2.668412131409745314e+00
1.087932156848890841e+01
1.251751691634074248e+01
1.245783836300535263e+01
1.226766083273303032e+01
1.212547246528160549e+01
9.864684168557067423e+00
1.240308913647536215e+01
1.159074257896183013e+01
4.441275080681753806e+00
1.067757575576517581e+01
7.420967510792932487e+00
1.148438199458089670e+01
8.638786628008938706e+00
1.217022655131648534e+01
1.062847881142542938e+01
1.247641698142277455e+01
1.220191103669464106e+01
4.822766821333834386e+00
1.236805563825808640e+01
4.917949165334890793e+00
6.663924546566262208e+00
6.419817003351901974e+00
1.218376708761596561e+01
1.086973495635646003e+01
1.162871177703030057e+01
1.023641834580507748e+01
