-3.188855446875046482e+02
-2.118631956817580146e+02
-1.461631616051562617e+02
-2.434145711367889646e+02
-1.066550202397515079e+02
-1.579118652766827324e+02
-1.008397865442784536e+00
-2.080827036001896602e+02
-1.153974152038997829e+02
-1.750219063954024818e+02
4.267534029124595563e+00
-2.570567433996437785e+02
-1.894268055789334539e+02
-1.364729530858138844e+02
-2.857727046369014801e+01
-1.693185490758633307e+02
-2.956294696692453954e+02
-2.211315605220158886e+02
-1.390164816964415593e+02
-8.877578677728530465e+01
1.243833348250400483e+01
1.249382658760388409e+01
-7.103522170582525064e+01
3.532867694609363340e+00
-9.152109550577942798e+01
-1.053337261521399171e+00
-2.029734169027076121e+02
1.029497592852199261e+01
-2.297576608020075355e+02
1.201032996140330411e+01
-1.783287652867459201e+02
9.810362633732031767e+00
-1.016160899882471114e+01
-2.160251289438015476e+02
1.250773380566072213e+01
1.134161289789497218e+01
1.245498018569162113e+01
9.594316817945518494e+00
2.209035874799127441e+00
1.227242996307888667e+01
-1.558235703217036701e+02
-1.512327708177309376e+02
-2.983503643818833666e+02
-6.819034098241813524e+01
1.194580806711467957e+01
1.057056792783350829e+01
-1.365709937197168244e+02
1.239523714865065251e+01
-3.648544701017271450e+02
-9.721476207762241017e+01
-8.265197546543028295e+00
1.249863109151393914e+01
1.230087816310036963e+01
1.221316585133691923e+01
1.207773776616526895e+01
1.250752465364305621e+01
1.216303278765344587e+01
1.219035140057327737e+01
1.233015106982169584e+01
8.914258731032283833e+00
1.216159327132597312e+01
1.251581750862921893e+01
1.192125843891543902e+01
1.209871199346985549e+01
1.213596730833563520e+01
2.971352142335891955e+00
1.229256879256441692e+01
-2.232647478103524463e+02
7.246795805930747569e+00
1.213429621948277770e+01
1.229262836542859638e+01
1.236677903466716799e+01
9.597308025451919633e+00
3.242281194654429655e+00
1.140420160594614707e+01
1.248622080111319477e+01
1.179023488796495300e+01
1.255373357047790250e+01
6.931062295756227343e+00
1.249888112918613992e+01
1.193435825813983797e+01
1.107657835280328840e+01
-2.203795170334329896e+02
1.095221447196200515e+01
-2.865721509289019764e+02
-1.950936203925788703e+00
-8.504114247611551036e+01
1.248077658492001518e+01
1.234989440675510863e+01
9.448040320783345436e+00
1.117885429881639325e+01
1.185569372743682237e+01
7.962567357152358305e+00
1.249518621631931126e+01
1.055441145598028996e+01
1.151615217975330729e+01
1.117201979295233727e+01
