-3.046047220352718909e+02
-2.707913653863335526e+02
-1.452864296678556002e+02
-1.126599571733990928e+02
-2.332035219809471300e+02
-2.738017710847383910e+02
-3.705471929182739927e+02
-1.752001985474410901e+02
-1.107968485649138444e+02
-5.650649968037172357e+02
-1.831617017964075274e+02
-1.652559757620823291e+02
-1.185188671137375565e+02
-2.412539491205150455e+02
-1.371305053730836221e+02
-3.045815027069894541e+02
1.254550519950888443e+01
-1.347584219817155997e+02
1.254744260850890214e+01
1.234670707284115032e+01
-9.853578047316541699e+01
1.220110963526077796e+01
-7.907522767604407932e+01
-1.548745169455454374e+01
8.426421411689606344e+00
1.234348934007583765e+01
1.207461236059465826e+01
1.234961067394456791e+01
-1.350995528157710623e+00
1.196159098745568627e+01
-3.669633966374800593e+01
1.246088593487592888e+01
1.217357674783984578e+01
1.220664914126205502e+01
8.958293181235877256e+00
1.110514098459123566e+01
1.249264984477721896e+01
1.169288350397448717e+01
5.910618732626744531e+00
1.041923982055070397e+01
1.216906906267149147e+01
1.242271844795989999e+01
1.231184796130713899e+01
1.213999447080992766e+01
9.769814225479901637e+00
1.040750733669953476e+01
1.170383992832427467e+01
1.241979207447976918e+01
6.620396584177321131e+00
6.890042961379895914e+00
-6.375947374536593060e+01
1.184023935914445147e+01
6.948746714418714276e+00
1.236253972205647500e+01
8.866771673890903926e+00
-1.382897419024609142e+01
1.251540711947679441e+01
1.233938102643698720e+01
1.171373039705956565e+01
1.189625986387297729e+01
8.565639326193412728e+00
-1.484216853439395400e+01
2.704861582143868404e+00
1.225530624404988167e+01
1.195806849645667214e+01
9.832379072913713713e+00
1.030260990964363188e+01
4.525089964183626634e+00
1.227929204756338066e+01
1.090056773800746015e+01
1.247015494261118640e+01
1.728422794653594607e+00
1.198105818149049284e+01
1.148465123448573166e+01
1.096183852385962609e+01
-1.490151437886332353e+01
1.234798027931150166e+01
-1.590052272734421877e+02
9.698414125434368316e+00
1.129810394093339809e+01
-2.554269171054905385e+01
1.246744616390694205e+01
1.096497541301032186e+01
1.242822437288999282e+01
1.206175375315266152e+01
1.058043980113618510e+01
5.376814998902098353e+00
1.242240199461466865e+01
1.024148343004969952e+01
1.107907545476820843e+01
8.710286386050849927e+00
9.708772077634462150e+00
-1.954720094105962147e+01
1.233814656835272672e+01
1.021697759445686060e+01
1.128958051571708232e+01
1.173090343592062190e+01
3.841479819126272233e+00
1.249296187758294430e+01
1.247620039631988575e+01
1.131415236571533356e+01
4.495486100525624806e+00
1.211485974679790267e+01
1.241327269475629080e+01
1.163671931656296721e+01
1.202197214117650148e+01
9.149967629862111096e+00
8.547090640839844156e+00
3.952582388198802477e+00
-2.818631448369506032e+01
4.797393529406267731e+00
1.023237366913404145e+01
9.115089042945093922e+00
1.012912497307729609e+01
1.190298392696253060e+01
