-5.094715667317179282e+02
-3.249158888868181521e+02
-2.226626922309135637e+02
-1.106027682327528652e+02
-2.312649737035648911e+02
-1.549133692690535895e+02
-1.985669313445242210e+02
1.257491219818938077e+01
-3.944791875572836375e+02
-1.882722562666508850e+02
-9.749736081800315901e+01
-3.421742479289089260e+02
-1.617732259016075886e+02
-1.398610264663412650e+01
-1.638480756038719335e+02
-1.869929454361289629e+02
-1.627428147141824866e+02
-1.343897637517376040e+02
-9.605879412007544715e+01
2.376036692361690683e+00
8.452342266752507882e+00
-9.115120602779779801e+01
1.255895034754891704e+01
-4.313286256438487953e+01
-1.606712110617268152e+01
1.203897005305016954e+01
-4.248998227117762383e+01
1.113413283371301965e+01
-1.727656742986687277e+01
4.592189440381865495e+00
1.247064680212863763e+01
8.904957544872218023e+00
-2.793542436103578552e+01
1.255297125313239803e+01
1.204315498237541782e+01
1.098427199578781277e+01
1.102238579673548990e+01
5.681412076753142415e+00
7.574922704539788221e+00
7.819076668056572643e+00
1.238573300315291270e+01
7.596049744897801936e+00
1.179390943908267175e+01
1.171857671114396027e+01
1.164819708573347867e+01
1.221969927183634752e+01
1.188343819629439757e+01
1.248133509448768308e+01
9.050967662408266889e+00
1.204849797023967639e+01
1.254733721897794751e+01
2.902859366907884819e+00
1.247136752386889924e+01
1.200053358464019304e+01
2.784637609021325844e+00
3.079740622616778722e+00
1.250584291853169816e+01
1.146777991511923567e+01
2.063807038922030657e+00
1.185402160590406062e+01
8.177801903345391921e+00
-1.134331803173973441e+01
7.113974095447881396e+00
1.255940801814042374e+01
-2.454182215635508868e+00
1.138172561757040135e+01
1.242457630713735739e+01
1.099916418780845362e+01
1.038231026020038250e+01
8.927953503164951954e+00
1.233976224407474831e+01
1.252128997605691829e+01
1.122270460136757464e+01
1.255764397523690334e+01
1.108893750244888743e+01
1.174765031365559587e+01
1.106917824736253664e+01
1.235011160727309942e+01
1.247477253871555192e+01
1.233918246526019047e+01
1.153636006002663095e+01
-1.669262064663545857e+02
1.210191291359352661e+01
8.763029554406822186e+00
3.216412415214536580e+00
1.185659089634240360e+01
1.123804097476370245e+01
1.252644660863356307e+01
1.214932184470953302e+01
1.246744631637747958e+01
7.350848981916069391e+00
1.004756348096604768e+01
1.220357563680911284e+01
1.126755294272871843e+01
1.033871289269520588e+01
1.245103137696550277e+01
1.254482232564391708e+01
1.103649030649622453e+01
8.415175496605909800e+00
3.704197873839355282e+00
1.161909232048606100e+01
-1.820241956099363989e+01
1.252876218730131619e+01
1.037254894647774961e+01
1.255397509003343259e+01
1.256084430940225971e+01
9.474034986226707034e+00
1.144301654623506970e+01
1.076325188645318676e+01
-1.133677133754889610e+02
-3.318700722813160553e+01
1.250273769021255887e+01
1.233733143371961560e+01
1.015868359503093465e+01
9.951686880232898602e+00
1.256975820568116120e+01
7.172771540392774092e+00
4.163620792374731039e+00
1.091949370096751259e+01
6.992336631018471138e+00
