-1.937008425851250308e+02
-1.646682196809045706e+02
1.243715153584271960e+01
-4.379254527809299589e+02
-1.401010454111737431e+02
-4.365114892771098880e+02
-9.524744611870997346e+01
-7.766423354436881255e+01
-2.780485328252350996e+02
-2.409197157490174845e+02
-1.595320893949367473e+02
-1.302277587336423323e+02
-9.909219674747552631e+01
-3.733857118730124398e+02
-2.301253901369192931e+02
-1.586917777101741933e+02
-8.355175325720669832e+01
-9.053754781773139371e+01
1.064444831812032533e+01
-1.910010228052468619e+02
-2.348582377867215882e+02
1.251239168205090380e+01
-1.857400266813545784e+02
-1.436176430249983866e+02
-2.215885863722502620e+02
1.258008869598282686e+01
1.239218943211361612e+01
1.256424502932568998e+01
-1.858213907619903580e+02
1.231798709447573614e+01
1.249402715015922993e+01
-5.651562249701184726e+01
-1.056603939966192769e+02
3.153592544549152166e+00
-4.725907994955029068e+01
-1.903024996906969477e+02
9.451717971581119926e+00
1.228533614174629562e+01
-7.293379199356860454e+01
1.252749628216050404e+01
-1.324289134599840168e+02
1.230020641767223744e+01
9.687597840336518829e+00
1.255292308941420387e+01
1.163806038350748651e+01
6.981528885639338711e+00
9.763375720805091973e+00
1.048918791501745140e+01
8.081264869359472414e+00
-9.259421032280616970e-01
8.152016433513376015e+00
1.206830369030989480e+01
1.246388569302153648e+01
1.100677617329945690e+01
-9.253813132571046651e+01
1.083636346224103875e+01
-9.479066039399764065e+01
9.207313166346015265e+00
9.933983557474640236e+00
7.707643194766228056e+00
1.198658586345150745e+01
1.178488405905079262e+01
1.216348365231212014e+01
1.091906598129707362e+01
1.194627081191176821e+01
1.189668840808650607e+01
1.001826411744851342e+01
7.231956694266139074e+00
-3.828309633606610305e+02
1.169826587543867547e+01
3.087031693964135570e+00
-1.775555446096651906e+02
1.246233300962774848e+01
1.172838145085685468e+01
1.173978107864159881e+01
1.235713719009154232e+01
1.577266154087309857e+00
7.995582966083406795e+00
6.903533664750421295e+00
1.196499483096664385e+01
1.100631526859029918e+01
1.228226359841771931e+01
1.249975426001893730e+01
1.255677335791864380e+01
9.214046560461643054e+00
1.249887237339007839e+01
8.313891511700919779e+00
6.775151304640731453e+00
3.910221956356531692e+00
1.250232366648312698e+01
1.256537032251240404e+01
1.263115079051896572e+00
8.371358817913066019e+00
1.239596837580461575e+01
1.196945390584499336e+01
1.226489871600459658e+01
1.248588481499010605e+01
-3.420307373775007420e+01
1.229453713945001070e+01
1.196064423367116802e+01
1.217710741252492923e+01
9.151781325633704611e+00
1.169466292388068851e+01
1.250467644475622819e+01
1.191187724438299256e+01
9.005748311193698896e+00
1.127180012793866837e+01
-8.103643801736411945e+01
