-2.392718988039101760e+02
-2.860679167002498957e+02
-2.912782735516515231e+02
-2.719270691268094993e+02
-2.279658938549659695e+02
-1.221816485270085906e+02
1.257845970801522206e+01
-3.133383048554605921e+02
-9.564022806944791455e+01
-3.240185091242868225e+02
-2.738016387142441772e+02
-1.005711378982769730e+02
-3.138238865329516898e+02
-2.019667901746378504e+02
-9.014178382526075950e+01
-3.241897657622958491e+02
-4.329250547354847356e+01
-3.218879371513862253e+01
-1.185628893517995408e+02
-1.870922424056746820e+02
-1.688747875070625639e+02
-2.272160807647969705e+01
8.283256540688947567e+00
-8.363060355707199278e+01
-1.202631450526478574e+00
2.163028630123395857e+00
-9.611157161682450578e+01
2.954195555598365885e+00
-8.215205141409653322e+01
1.253328061928228365e+01
-3.180289174109159234e+01
4.888269731412753671e+00
9.114632106191830729e+00
1.009244353974501252e+01
1.251076077547281784e+01
1.233229322890372792e+01
1.215827312062215704e+01
1.248296466580758590e+01
1.251454559349514639e+01
-2.068744599648122460e+02
1.236764491597930515e+01
8.084586632657170924e+00
1.249148283095535206e+01
2.559406732122210926e+00
1.129496607357615190e+01
1.204797199949813091e+01
1.249145309898852751e+01
1.249928730843521585e+01
-1.166973217291814962e+02
8.388015932694852239e+00
1.021599691074336747e+01
1.105557875854847083e+01
3.264038328382701692e+00
9.733571068552688388e+00
1.162748639062398581e+01
1.156289558715283583e+01
1.256257008875982883e+01
1.240568012480927607e+01
1.207075075702783629e+01
1.083608302535658297e+01
1.178337966954553018e+01
-2.678259067335050645e+02
2.299187666342248804e+00
1.018826531524399748e+01
-2.934693717053661999e+00
1.054602669904384982e+01
1.223554102814098599e+01
7.422533026879144735e+00
1.114732344171138223e+01
1.040778390657381891e+01
1.179649480143383045e+01
1.016044543928087585e+01
1.251924874287544576e+01
9.433184971553693288e+00
1.148528433609854460e+00
-1.250943781577853144e+02
1.199127561592575653e+01
1.066343379278536219e+01
1.223524852368039539e+01
5.684488026622815937e+00
1.227710943509745611e+01
9.884898384342442057e+00
1.019875143427853459e+01
1.080903359535716390e+01
1.246966158844435135e+01
1.247520703023735322e+01
6.019295042266225693e+00
1.007238147836392272e+01
-1.748983257944765768e+01
9.320978546149945032e+00
1.138270900529348495e+01
8.292366512575899407e+00
1.251083695076513713e+01
1.027119697040809143e+01
1.227765004282116479e+01
1.189859312020641902e+01
1.213385893695805962e+01
-1.835578629829409181e+02
1.185036037773754458e+01
2.630155683526874455e+00
1.221954235379887521e+01
-1.281289059154685184e+01
7.863503652276302880e+00
