-3.107736087320740808e+02
-1.899910918698089688e+02
-2.847667902831556574e+01
-1.644731936395433536e+02
-1.629663880547105634e+02
-3.155122639439011323e+02
1.226459038733267803e+01
-1.508493402929282183e+02
-8.618224510759300472e+01
-1.867332265881576916e+02
-1.149880525582056521e+02
-1.885631691918253523e+02
-2.558661614686618577e+02
-1.456727638606116670e+02
-2.886351763069524736e+02
-1.733170862300086696e+02
3.751291689626350845e+00
1.043260990940270361e+00
3.941596441440260890e+00
-1.808247735440753274e+02
-2.959918440483652375e+02
1.253263897897831924e+01
1.108039355802252501e+01
1.114917858550552410e+01
1.237874519756677039e+01
-1.128027865110043848e+01
-8.245176461539338675e+01
1.252551063210689186e+01
-8.886339103892133551e-01
1.238569516178834995e+01
-6.240015228887941134e+00
1.241277249453286835e+01
-2.044600529415070866e+00
9.815108497158425038e+00
1.256840619938733283e+01
-2.349445550064365662e+01
-1.856149021717920888e+01
-3.556199030464719613e+01
8.478718830824528041e+00
-6.426291127667806080e+00
5.302033666755994190e+00
1.124011375232472609e+01
-1.536531772930055872e+01
6.813824719877082714e+00
8.892284154228699222e+00
1.213753739948524490e+01
1.208793181771017977e+01
1.184564268795168118e+01
1.225932491362599741e+01
9.481242051529811476e+00
1.126381049358263731e+01
1.089259766782565109e+01
1.229978606293133225e+01
9.710800449371784993e+00
1.193313109468997979e+01
9.776419423924366470e+00
6.423299459219606433e+00
9.296600155861924009e+00
1.082924103231514046e+01
6.445351171690473890e+00
1.032514228721153771e+01
1.169109595671227098e+01
1.114756044915872479e+01
7.606283460769313720e+00
9.647748716534126245e+00
1.234433863634971651e+01
1.136999467100842587e+01
1.207089639199410414e+01
1.117966572674325931e+01
1.230095013127765036e+01
1.100010548604863558e+01
-1.365321406387603815e+02
1.210831485932068041e+01
4.129362119386511765e+00
1.127797246655908125e+01
8.816867017972441545e+00
1.214089441633915634e+01
1.184870016239026036e+01
1.227393187437851019e+01
1.100556060033639483e+01
9.528526716275397490e+00
1.200081191019178206e+01
1.251343581902052371e+01
8.917563964345943006e+00
8.531229996606253252e+00
8.568362207935445340e+00
1.244929711959466445e+01
1.248657906428468856e+01
1.202305664511561645e+01
6.245406574331173744e+00
9.625717701711813845e+00
1.039631050015058022e+01
1.073677634946607995e+01
7.234940819676051404e+00
1.098176135242412244e+01
1.203575701877693049e+01
1.253525586069097386e+01
9.118177123471010503e+00
1.236935046139906724e+01
1.247802246262009973e+01
1.237700500051676222e+01
1.207248696023841639e+01
6.783338821876197855e+00
1.227829460233048486e+01
1.233427902841879487e+01
1.248942723204423366e+01
9.714542696019355716e+00
1.254281179758407561e+01
1.243317204263669495e+01
6.700023116197149520e+00
9.052205579106034961e+00
1.210521327720714879e+01
1.112561582840673680e+01
1.226207672526884629e+01
1.043955465833841600e+01
1.238647142893294983e+01
1.247416224711638577e+01
8.158331310694716620e+00
1.247109415556890610e+01
1.212255624602518189e+01
8.742847711418146872e+00
7.227282976018405414e+00
1.246670590658398936e+01
9.343400554060917074e+00
1.227307176783139298e+01
1.247533472775986851e+01
1.252031669870861919e+01
1.094684158364680471e+01
1.218922545371028399e+01
1.064733605304373398e+01
8.727877251707504058e+00
1.194927282555609693e+01
