-4.063617737953998130e+02
-2.228157275984212902e+02
-3.914222267319075286e+02
-2.349675492099222538e+02
-8.659252166113813587e+01
-1.940885041536334654e+01
-1.794365313442665411e+02
-3.601096792412021728e+02
-2.150784601925515176e+02
-8.922287355360403183e+01
1.245406235203446954e+01
-1.039589135764712040e+02
-1.182733240374997337e+02
-5.776844775182280500e+01
-2.513261172064864866e+02
-1.298101676122538208e+02
-1.281123073573583326e+02
-1.151981895246935608e+02
-1.285469904505838201e+02
-1.042986833216389329e+02
-2.902444279013377582e+02
-6.046324887933690206e+01
1.253397521497008249e+01
-2.738342063440048264e+02
-4.275518611471153463e+01
-2.868000661989350419e+01
-8.150842895117355624e+01
-4.472695006691419906e+01
1.254424808821997495e+01
-5.405475548067040847e+01
-3.388893854394399341e+01
7.125158840520899872e-01
6.374289958259321764e+00
-2.364778742549925994e+02
-3.873537373251132010e+00
-3.086165881796110710e+01
1.247330126003720885e+01
1.214101047057023486e+01
-5.658207585520193561e+01
7.656432172679866532e+00
1.061597451575728357e+01
9.729127785137972495e+00
1.143282421823964690e+01
1.249631706982206225e+01
9.145983755643387170e+00
1.070867953269780415e+01
1.165091604654243973e+01
1.058631876649488746e+01
1.002926180874326079e+01
8.065308839639589777e+00
1.253126984583754400e+01
1.148330962029853985e+01
-4.560807312542254977e+01
1.238129675630609228e+01
1.242333828643761606e+01
1.254403011318836647e+01
1.040840872795287808e+01
1.150731374622541914e+01
9.069314526308900781e+00
9.580432461235938391e+00
-1.444443994178618240e+01
-4.901077209407431212e+01
9.395489460781174529e+00
1.109797272713642613e+01
9.798134067402587633e+00
1.102526514863411577e+01
9.655759830779517827e+00
1.010834612920338316e+01
1.186334442670017708e+01
1.203303985835714229e+01
1.130580969706167593e+01
9.584730740045689146e+00
-3.794399888968028023e+01
1.239597608478014124e+01
1.249236131706738107e+01
1.234160905156861432e+01
1.181484472291652565e+01
1.254926416648242160e+01
1.198209299697544417e+01
-5.632885995477921881e+01
1.213209731889090648e+01
1.229347334563242100e+01
1.060709222590590528e+01
1.150347109586072314e+01
8.863200599331250373e+00
-8.925784757037614270e+01
1.192710976122938860e+01
1.039331837501103806e+01
8.539374323342684647e+00
2.539480185694772629e+00
8.309152766463132167e+00
1.029498559719065653e+01
