-3.119405432156055440e+02
1.208761833757380089e+01
-2.380661603555088561e+02
-7.635061831650182285e+01
-1.310375035620836002e+02
-1.049774838933330443e+02
-3.607221964580709823e+02
-1.822218813577935919e+02
-4.029302904243951389e+02
-1.477108105973069314e+02
-3.446624325039829273e+02
-1.715840502551835129e+02
-4.763998702311886859e+02
-2.479622516459413646e+02
-1.976683711870359161e+02
1.224130150855653731e+01
-1.029883087074070005e+02
-1.389232350322056675e+02
-5.089096097606917368e+01
-1.771148949596636157e+00
1.254209450501492462e+01
-1.274660538614522380e+02
-2.520313933062802505e+02
1.232866655642379250e+01
-3.299240731017378607e+02
1.200481125160668228e+01
2.279023383398586233e+00
6.260438831389636860e+00
-1.670389682223409125e+02
-9.606266359962040724e+01
5.829858394481547634e+00
-2.087581820543096285e+02
-1.221158029686694846e+01
-1.296987468728001502e+01
3.065261475730899576e+00
7.353494652190411429e+00
1.240334788212859962e+01
1.222111884815932825e+01
-2.256594729810064734e+02
-1.540166280974292512e+01
1.064965037504694578e+01
1.184272384993082206e+01
1.253445771964100786e+01
1.249807950747890573e+01
1.167863384788302916e+01
1.166564665616954066e+01
1.121799106579106287e+01
1.189723836526039946e+01
1.206782690947654224e+01
1.194973090519196646e+01
1.251093589276583629e+01
1.244803207164608594e+01
5.702836660425241178e+00
4.299886195581683168e+00
-8.284436245954669431e+00
1.156172121430594046e+01
1.157739947892575572e+01
1.211343877743928488e+01
8.975651896725903356e+00
1.078418466660568242e+01
9.574281044690263087e+00
1.097555558020549782e+01
1.009555034458902867e+01
1.236845511038737477e+01
1.196414881335080338e+01
-7.249551368187700007e+01
1.012874592405198904e+01
1.189028255122121536e+01
1.171195862188603343e+01
1.173712656866275239e+01
1.249843684098019203e+01
9.394362928834496529e+00
6.968131840872697325e+00
7.706803300265813839e+00
1.249826045785902551e+01
1.224541937679053483e+01
1.192903931977303600e+01
1.224924693668714326e+01
9.281531754932469624e+00
1.104555112367961023e+01
7.558891955963189524e+00
-9.267896563328450554e+01
1.240782488532786942e+01
7.317242496884145631e+00
1.235540639021347786e+01
1.216630802325417626e+01
9.684388373349282375e+00
1.141053585606723964e+01
-1.116123004714484921e+02
1.049185815142751110e+01
7.063090102931320224e+00
9.188278153629031664e+00
9.159585798786235245e+00
1.255478159594441756e+01
7.478264742878987015e+00
1.540653127433049718e+00
1.126311571223494035e+01
1.068881006239772802e+01
1.253574484483788609e+01
9.419120964816793062e+00
1.225257082072637438e+01
1.254423213458011332e+01
1.250881724704685105e+01
8.903065650567199896e+00
-1.479527771276227810e-01
1.086970390897269390e+01
9.370404776481947806e+00
1.214589337309808137e+01
1.141649180501335437e+01
7.527891940851757724e+00
1.254276974056640626e+01
-1.085674558046984828e+01
1.021511718412047287e+01
9.695126584613635856e+00
8.164522843993907486e+00
9.549010649973844522e+00
8.522356702781440418e+00
1.257600311421869677e+01
1.250232322334062296e+01
1.250190050641955608e+01
