-2.827444476763942589e+02
1.111819458884454725e+01
-1.003054449887754060e+02
-2.591448773440691298e+02
-1.064193855298673697e+02
-1.328945777474107786e+02
-1.651513161760427408e+02
-4.590293571141473876e+02
1.254859845584698697e+01
-5.937224059177999891e+00
-2.216056292216767076e+02
-3.822168774548114243e+02
-2.779967953987036253e+02
-9.575025755522277393e+01
-2.499592559510599301e+02
-2.330119508088327223e+02
1.238125496619717225e+01
-1.394932369144281665e+02
-1.695444627197981333e+02
-9.370707474487932132e+01
-3.122891316053343189e+02
-1.176230890388823411e+02
-8.499983341870759546e+01
-9.225528100687220956e+01
-7.555458338013751529e+01
1.440108721680697812e+00
3.759736399464342682e+00
1.179374142227870514e+01
-5.170476450837450955e+01
1.251972321822425016e+01
6.308349265288313745e+00
-5.312438298347629484e+00
1.251592132141042235e+01
7.825745456952054369e+00
-5.520601204548185592e+00
-5.754909331311977638e+01
-1.799059069601263445e+02
1.211448363463916600e+01
1.251187937492191971e+01
1.250731170739823028e+01
1.165955804214885916e+01
1.256567678105320240e+01
1.043182126424232337e+01
1.084277276572925253e+01
5.066196928013042111e+00
1.252829945269998646e+01
1.243837107598805858e+01
8.386962921425517692e+00
1.236604937613004829e+01
1.256716883355571568e+01
1.255456262330777228e+01
1.181619448334325639e+01
1.250766856399710392e+01
1.021376242266003942e+01
7.365742000005493395e+00
5.205198927122914654e+00
1.252033023200236173e+01
9.902369175711891458e+00
4.496756325220847117e+00
1.123789207404599821e+01
1.154787968579336344e+01
1.148919091205552334e+01
7.995468006031998698e+00
8.701199507626361296e+00
1.145056257602268523e+01
1.237073415293245127e+01
1.081385732125487920e+01
1.258269001311681201e+01
-9.671257243037652529e+01
1.233419300496237270e+01
1.257122132495337752e+01
9.778525935441443551e+00
7.457656855092152703e+00
1.150140373541044525e+01
1.239018382733097390e+01
4.164978742433827819e+00
1.252592206105516937e+01
7.774038232401983883e+00
1.066573302605990037e+01
1.203834946530850303e+01
1.230475430224714550e+01
-2.925007335724696844e+01
1.256598194533368584e+01
1.245206483168489342e+01
1.160938356371521962e+01
1.230490450495257093e+01
1.204809213142532265e+01
1.219789023857803478e+01
1.217637880450023857e+01
1.246548220327764689e+01
4.749706750383634102e+00
1.194367546759796284e+01
1.167480669686951522e+01
1.092833692024429837e+01
1.250062996836904006e+01
1.147761857771712890e+01
1.243464869225124936e+01
-1.670954800822150332e+02
1.183557026973482706e+01
1.255346806402874194e+01
1.203088741158037678e+01
1.129442681225851075e+01
1.253584332772344290e+01
1.222311756487515844e+01
8.379593974160062686e+00
9.994440936655168528e+00
1.217660662814854788e+01
1.248707888024970281e+01
1.236252749935451334e+01
9.008423193951344388e+00
-7.516659431416096027e+01
6.101211530200455257e+00
1.244675753996234491e+01
8.916478753484426534e+00
1.077965569685550307e+01
-6.582683905581048123e+01
1.237490455694089952e+01
1.240412233801602149e+01
6.231943060920086097e+00
1.207532041158041380e+01
1.246441810489216095e+01
1.127079062871578685e+01
1.195032275188243531e+01
1.227793975167363527e+01
