-8.097456578672900207e+01
-2.527115018098301675e+02
-1.958862937657340240e+02
-8.569436885542103255e+01
-1.873784127830614921e+02
-2.755290778681855954e+02
-1.573519697483594086e+02
-2.736142255065178119e+02
-3.136225528933919122e+02
-8.373330297622132434e+01
-8.170137778974525133e+01
-9.877175416008111597e+01
-2.968587311515459959e+01
-1.351722289198897329e+02
-2.684332858566045275e+02
-2.994478823059273509e+02
-1.104745059118437354e+02
-2.597965795209678959e+02
-1.675846691927911536e+02
-4.062614639932784257e+02
-1.131463475891720094e+02
-9.408661766197221255e+01
-2.018453101971063290e+02
-1.526702373279060794e+02
-2.327401843999272444e+02
-1.851377537930925712e+02
-5.521349397454618924e+01
-6.845138073014595648e+01
1.217831546897888373e+01
-4.663657774459338157e+00
-2.163578325126099600e+01
8.768138926378956199e+00
1.227171509057818000e+01
-1.572888440051919474e+02
1.243534125000479662e+01
-1.863020886473158910e+01
1.251389386623618094e+01
1.242821209909731905e+01
-1.052972429463353023e+02
1.094625960037290646e+01
1.224773424902834229e+01
-2.285613764262017185e+02
1.016293673790345764e+01
9.502828774836959980e+00
9.461855133067922807e+00
1.121003029584541899e+01
1.252042671075575342e+01
9.513871423537427319e+00
1.238360541234780321e+01
1.062868396327530718e+01
5.393491621601695485e+00
1.243044809385525795e+01
-1.122662648410887272e+02
1.221159407310497258e+01
1.237963031188288809e+01
1.217771361220349213e+01
5.488541443358800009e+00
1.219080426022190267e+01
1.243261857200784704e+01
1.177522859360919050e+01
1.179845629138477570e+01
1.109896320729524000e+01
-9.087066475683617739e+01
1.237188617288280312e+01
1.021353599855981287e+01
8.644409026244451510e+00
1.224515782309956258e+01
-6.592245742207150272e+01
9.988316958207811069e+00
1.183273315657199909e+01
9.950835803125764656e+00
1.092228277594994168e+01
9.821987860780716062e+00
8.945844728839226434e+00
1.254810214011350311e+01
1.186629171641464886e+01
1.114461587499276440e+01
-7.836129837702259238e-01
6.443148378768059459e+00
1.088438029202831103e+01
9.906773730093725305e+00
1.238426069060330015e+01
1.198340773787563052e+01
9.154483203654002921e+00
-1.074995887478790308e+02
1.241525827505433632e+01
7.553837960913124761e+00
1.111380878066610123e+01
7.299543659707640408e+00
9.122127429070040705e+00
6.994533339112415149e+00
8.095812795015977059e+00
1.227749942894298307e+01
8.968884737735749013e+00
7.448809988706729612e+00
7.984489934989352555e+00
1.172972963100106192e+01
-8.237358360241044863e+01
1.255657393822092871e+01
7.715311266164109227e+00
1.180836633862214846e+01
9.425522032249237014e+00
1.216763104807094997e+01
6.854026370040971372e+00
9.107911193769123059e+00
-1.772664968118473183e+00
1.188797095909702151e+01
1.122108739096579200e+01
-7.129225161375890707e+01
-6.433933135174464724e+01
1.030083155797293415e+01
8.173354963788128202e+00
-3.588506309601442013e+00
8.140554136833213050e+00
4.669363176916405678e+00
1.255449175466265643e+01
9.560093027830244949e+00
-1.614792404924009972e+01
6.076971398982781380e+00
1.004057968501270182e+01
