-1.891278421807503776e+02
-1.089921480737002923e+02
-9.856843533832082471e+01
-3.370189685684783285e+02
-9.841735996764990091e+01
-1.355916391932509839e+02
-8.479403196233268147e+01
-8.331265706715457497e+01
-3.889888868764060135e+02
-1.860099201449563395e+02
-1.455852801246669230e+02
-1.440538765044203444e+02
-1.491301174143179935e+02
-1.239200872360664647e+02
-2.942255789011659886e+02
-1.450110524668911864e+02
-2.207515128139574756e+01
1.211326330744194379e+01
-1.119142313888700215e+02
-5.797728082341208022e+01
-2.008917572197632069e+02
-2.112526561709488817e+02
-1.734234442235539859e+02
-1.918478614140176148e+02
9.881925745105970549e+00
-3.996346288007256931e+01
-5.957568686673207736e+01
-7.495681924168877686e+01
-1.008844526642663055e+02
1.247090929208774490e+01
1.120320358993123833e+01
-4.460187628966497186e+01
-5.872966977047212822e+00
-1.365013011959595133e+02
-1.131499126749501301e+02
-1.106388789537620312e+02
1.244082358472858196e+01
1.197949299127282075e+01
-1.308232751377948233e+01
9.692925977142458294e+00
1.810223946917988158e+00
7.544384515006410830e+00
1.236042377104454104e+01
1.214015772390293790e+01
1.201763375914840459e+01
1.141259936888858917e+01
1.237958043687337728e+01
2.171890872366400771e+00
1.167696569425891084e+01
1.213601490853585929e+01
-9.492916265671063059e-01
7.771011815508344966e+00
1.254068276287015493e+01
1.231379717206719704e+01
1.214999210936623975e+01
8.135458417582729140e+00
1.230697220499645361e+01
1.247110111791147347e+01
1.218413794298134079e+01
1.196657531989355405e+01
9.978653633982954574e+00
3.971186933449038392e+00
1.196849310663641575e+01
1.165265955899857708e+01
1.231648420498030561e+01
1.134297911269739245e+01
9.714001452634981604e+00
1.097413162948167553e+01
2.131616213825854089e+00
1.053053684582454608e+01
7.171798134315263695e+00
1.202670231774766307e+01
1.112894801052683746e+01
9.686749220406497329e+00
1.256008885458172841e+01
1.247259226191944137e+01
6.251587671277654579e+00
-2.026595295059182149e+02
5.523571413444640754e+00
9.571947790149799573e+00
9.969907610976481038e+00
1.237859359318836816e+01
1.249467508209345112e+01
1.199665617449242916e+01
1.240613606980360650e+01
1.156697904179682013e+01
6.773104927303238654e+00
1.226227844317988414e+01
1.070693176761391285e+01
1.197942905253005463e+01
1.212239663550410995e+01
1.233950790927133312e+01
1.178761170267943825e+01
8.385443312570775021e+00
1.189273724755793715e+01
1.203206343321038929e+01
9.776921732561714151e+00
1.168745971546563922e+01
1.213569660241331682e+01
1.206034815095300772e+01
1.235170718812925728e+01
1.243889555390666146e+01
1.154952088966880552e+01
1.119932791423267560e+01
1.247049861537811388e+01
1.249150756131633422e+01
-2.659726660538682097e+01
1.111742786658065896e+01
1.133283338975953036e+01
9.046619696413653600e+00
1.055242328087893533e+01
1.017794116912167368e+01
-1.762248208593501175e+00
1.248397110038975732e+01
5.898477936260878352e+00
1.254174238330065982e+01
1.087826535306676590e+01
8.228741974750313659e+00
1.183770960888702284e+01
1.208323314416638894e+01
