-1.445423370451595133e+02
4.941240756322438088e+00
-2.838971063545463949e+02
-9.343287975317542760e+01
-1.289305822233419008e+02
-2.514419300768703920e+02
-2.467326344916003791e+02
-1.080862490742728994e+02
1.231393890836744909e+01
-9.892471091369016278e+01
-1.181076849140230962e+02
-1.130500375071977714e+02
2.067662845292911555e+00
7.511640279808897702e-01
-1.952476606188523647e+02
-4.761532620920595349e+01
-1.679753937137725117e+01
9.291416735325936926e+00
-5.862396713771356360e+01
8.995768285757439031e+00
1.238891801074812449e+01
1.212261441624193381e+01
1.230063136859208939e+01
1.210774712880446913e+01
-8.394727927214646002e+01
1.254689469077334252e+01
1.215355472915454271e+01
1.220003110001811564e+01
1.254543495292111110e+01
1.252372098715823157e+01
1.190476007909688505e+01
1.242836134439885498e+01
1.249086805399443989e+01
1.242610334533369354e+01
1.215941462167077169e+01
1.253547546595480355e+01
1.238965941905789059e+01
1.201184845300633874e+01
1.228567547873776533e+01
1.220833839180187042e+01
1.243226318578956757e+01
1.242542026639685560e+01
1.256646210940651542e+01
9.629553353845626162e+00
1.253471677339128298e+01
1.249738422748990985e+01
1.235498711884286926e+01
1.255557100708677609e+01
-9.889591537888777850e+01
1.025639516979996202e+01
-3.084195076268933633e+00
1.256624571271785840e+01
1.257142926726392496e+01
1.195734041362716127e+01
1.229348217141411581e+01
1.198988372552152626e+01
1.224303928691895926e+01
1.256749319481900784e+01
3.039044686541833684e+00
1.247216294002049963e+01
1.034961836631473275e+01
1.221333185392264475e+01
1.243403697125481067e+01
4.971818779845545322e+00
-5.884174622482593264e+00
1.255951377609114417e+01
1.228801167340466804e+01
-1.941597685749037794e+00
6.083917703507271568e+00
4.272478162169129234e+00
2.035915047802774325e+00
1.098888559268954168e+01
-1.257197627007912288e+01
1.253879830603997725e+01
1.224860994188523478e+01
8.288793353443800527e+00
5.584768222753083933e+00
1.251386384268968399e+01
9.735416959571274731e+00
1.246388746745490295e+01
7.410933323653289051e+00
1.094305274837250508e+01
7.423337802684115694e+00
1.246923221260549575e+01
1.243681211025650413e+01
1.233165932942267062e+01
9.530402151087283613e+00
1.231062449601462205e+01
1.027208099522055029e+01
5.396195021656982505e+00
7.818076919007346248e-01
1.248914396035750940e+01
9.511454879975453025e+00
8.666212004924686241e+00
-2.059169668305727541e+01
3.791105181584068617e+00
1.255409411242711215e+01
9.099778656051917380e+00
-6.704560575548968870e+01
9.920023006319134140e+00
1.192379000424955038e+01
1.210412248233076937e+01
1.233985851197408223e+01
1.253628995579740746e+01
1.144295534317608087e+01
1.185170034038666920e+01
1.254454834100709704e+01
1.252733947722042807e+01
1.049071227042619370e+01
1.076124464432956529e+01
5.893225363998624289e+00
1.253233261590819403e+01
1.238077335817077795e+01
1.221986960808007439e+01
1.221585266443767281e+01
1.001668143146839185e+01
7.928914840200936176e+00
1.243862808748016491e+01
1.027556832549845645e+01
1.149272069128809726e+01
