-2.694068838266166495e+02
-8.866145281126222244e+01
-2.257191143040945462e+02
-9.899771200925508197e+01
-2.016541678528259354e+02
1.254040527408868755e+01
-2.153495135002575580e+02
-1.591443470344205764e+02
-8.744416820876881502e+01
-2.355644228572080578e+02
4.889116436983535152e+00
-1.376177297565849642e+02
-1.986096078189031005e+02
1.254826289167084319e+01
-3.851910881341573258e+02
-1.432094619044831916e+02
-1.714783947138325857e+02
-1.868447744344898638e+02
-2.520691849003730738e+02
-1.721210824272893944e+02
-2.300496855532773850e+02
-2.637935185437683003e+02
-2.446810166753435567e+02
-1.328222254415225621e+02
-1.516585262989340208e+02
-7.227322924368451140e+01
-9.533328516292070276e+01
-1.649573657422046153e+02
-1.062830483715495546e+02
-1.741531834181284353e+02
-1.143773366064394281e+02
-1.367391710851937887e+02
-9.400124942115142801e+01
-1.543196867224278321e+02
-1.549201082693696208e+02
-3.238388570795356145e+02
-9.481990067535006972e+01
-1.578804580145705927e+02
-7.982090280043132680e+01
-1.057946729844230020e+02
-1.333271338122445684e+02
-1.323374992382950666e+02
-1.751413076537292000e+02
-8.889309117994149290e+01
-1.763460953745616848e+02
-1.868463181314958774e+02
1.257863368011459038e+01
-1.280979597354343866e+02
1.191986148667411527e+01
1.182914680365023585e+01
-2.792699249003374007e+02
2.201684419130861770e+00
-5.300720586647783961e+01
-6.531222933356101379e+00
-2.150251462206453112e+01
1.231860131778143241e+01
1.210776110489199375e+01
-2.626009274891537615e+01
-1.221769039891660569e+01
-2.818427286753799166e+00
8.493439135887605573e+00
-1.453697399369177390e+02
-4.249114780071440123e+01
-1.421359500131559059e+02
-3.604175060739143532e+01
1.099271398591915982e+01
1.236074535422971898e+01
1.212240575510040586e+01
1.996027628614623239e+00
1.255025621009169967e+01
1.229816098670899471e+01
-4.900588139094762852e+01
1.155267849386787482e+01
1.246299654715931204e+01
1.241863681454603530e+01
1.006039157786119276e+01
9.356397195809684320e+00
1.249855235547846810e+01
1.175905102901814736e+01
1.248789955144094321e+01
1.235807619340821972e+01
-7.361614281006975347e+00
1.135663463553622066e+01
3.120219215047498551e+00
1.206896863037830414e+01
1.174201137091078984e+01
1.167977938952100914e+01
8.050683261521966116e+00
1.088976998610201186e+01
1.189170219258292605e+01
1.245691696745702970e+01
1.195087588522499011e+01
1.248399832263871545e+01
1.255486529774335125e+01
1.251289412037988669e+01
1.237321403066356673e+01
1.206427842213265045e+01
6.607649814083581319e+00
1.250246471566789275e+01
4.430149390273506071e+00
1.157754055545224503e+01
7.862889400843342536e+00
1.240608608373042010e+01
9.551456181436876136e+00
1.259793398398230124e-01
1.175341078298823305e+01
-1.353897735029931937e+00
1.081937483314811033e+01
-7.381390665746057778e+01
-1.420388821599375895e+01
8.272533641001853510e+00
1.208532978874305641e+01
1.006648496809340187e+01
3.769004837325221402e+00
1.095588907728965822e+01
7.601628704525626112e+00
1.131623702651751628e+01
1.018031654311868550e+01
-1.806030007223565690e+02
-5.174917898897885493e+01
