-1.652183825626630664e+02
-1.009847775773692860e+02
-1.960110178357096515e+02
-9.674163537956940218e+01
-7.825058819680300815e+01
-2.150138166209076189e+02
-1.920782772391715412e+02
-3.132833907684077985e+02
-2.110054001482404828e+02
-8.723837455859774082e+01
-2.499677577026684787e+02
-1.607240941482009191e+02
-3.163061357022181141e+02
1.248049238949295869e+01
-5.491340413101311242e+02
-1.270952436697541117e+02
-2.352846137121325967e+02
-1.328384113137620943e+02
-1.624275511697622960e+02
-1.211654596330274529e+02
-1.139137380424380552e+02
1.254715841179534586e+01
1.230762324541176511e+01
-1.279621177666647469e+02
1.095663409028552593e+01
-1.157710337202145752e+02
-2.238116292595016148e+02
-2.673371434451267703e+01
-1.885703052879751169e+02
-1.117946996987249264e+01
-1.649153064215904152e+01
1.072982153718904641e+01
-3.701429302512193686e+01
1.239026689068333908e+01
-3.078817542309203503e+01
1.021846728834423246e+01
1.256463128553044939e+01
-1.272567076137103612e+02
-6.448410927590778385e+00
-1.352730084332133345e+02
9.359777260791428688e+00
-8.247503079465310805e+00
-2.122975836746351774e+01
-1.749231234511580979e+01
-1.859767469831402877e+02
4.072608756036792954e+00
1.246436223285409994e+01
1.255997791462978164e+01
1.127967629440722597e+01
7.887940881687710792e+00
3.603007909414309040e+00
1.249410663754429329e+01
1.236766644681489247e+01
1.218296034757917035e+01
1.135919627612021365e+01
1.220845484203942988e+01
1.140936423944101819e+01
1.189487331174568752e+01
1.136732971263633729e+01
1.249140819028584382e+01
1.195189026472859162e+01
1.244003809671989025e+01
1.098181153666293497e+01
1.190644425541396245e+01
1.241969519658801424e+01
7.820036476250789903e+00
-2.731492509000030822e+01
7.790184875944191845e+00
1.244738675650020809e+01
1.158381774241605378e+01
1.257315830561259062e+01
1.255980530702467846e+01
7.803434476409011999e+00
3.228142158642512527e+00
8.378510125084392968e+00
-2.658599066138069844e-01
1.014795420085640387e+01
1.245252545870605587e+01
1.249145730076755711e+01
1.010290427724357443e+01
1.191007877351306199e+01
1.228641934917562040e+01
1.252805322253618669e+01
1.237594593814677069e+01
7.610971059511402181e+00
9.061321695340650351e+00
1.113087876871159132e+01
1.049855679425711052e+01
4.804329348221251905e+00
1.071687425282529027e+01
6.434552912191781715e+00
1.204972121530272666e+01
8.957866724447960394e+00
1.076446205259874489e+01
7.454799975611786422e+00
1.173443422544281489e+01
