-9.779565582077637487e+01
-8.408760778857563878e+01
-1.990210628469287428e+02
-4.705717000730008408e+02
-5.254580005621151884e+01
-2.000781483404105643e+02
1.243711301789855028e+01
-1.923621341665149203e+02
-1.269468403601177897e+02
-1.368365643118432615e+02
-3.710086285751689275e+02
-1.152303447629029023e+02
-2.622591654388967868e+02
-9.628984746713973664e+01
-2.488963682330434040e+02
-7.762716256477457932e+01
-8.808193478549951294e+01
-2.209664778201554043e+02
-2.869488496326139284e+02
-2.060717156897338214e+02
-7.819590580407154334e+01
-3.566183080775638246e+02
1.257259496348668470e+01
-1.894050817100505810e+02
-8.325808985871017853e+01
-1.065303183214634402e+02
-8.379405984478516700e+01
1.155520379312692292e+01
-1.401850168694032845e+02
-6.435987642372278117e+01
-3.154989857294528974e+02
-1.778907396759713038e+02
-1.446331153451319551e+02
1.222475663888213226e+01
1.229038724885014311e+01
1.255673820025813647e+01
1.028005462170345652e+01
-1.664904350668156781e+02
-1.000764795551551316e+02
-3.558073881201784161e+01
-4.192562209083071423e+01
5.490224633518096198e+00
5.689515117946012168e+00
-1.299222498968626738e+01
4.298614930330188599e+00
1.134210020782435180e+01
-2.309402018295397951e+01
1.001681302080960734e+00
1.153670711301862184e+01
9.304855119078531800e+00
1.248506671513285227e+01
1.190925110288738153e+01
8.866108072637725712e+00
1.171910378909102235e+01
1.236268198962953768e+01
1.253732978257899866e+01
1.245544959916374061e+01
1.214725812191657184e+01
1.253319130189251851e+01
1.256098445330492908e+01
5.733062293276020682e+00
1.033600639307719504e+01
1.223536572406477241e+01
1.016508022141294987e+01
1.207841705897437379e+01
1.210023288344651782e+01
1.182290621878165027e+01
1.239144585144388344e+01
1.251752863633630142e+01
1.204952855711822579e+01
1.202285260673687084e+01
1.175443338709520091e+01
9.685726182093475245e+00
1.092354818632595936e+01
8.312800853970850667e+00
1.040839026782183652e+01
1.210142740713683196e+01
1.018149318034170037e+01
1.239760524631951455e+01
1.210128202857151969e+01
1.054973662162730719e+01
1.249884117053578159e+01
9.946380704177471443e+00
1.159957257822042109e+01
7.727849276509026311e+00
-2.341695416757858084e+00
1.198559500180789783e+01
1.094183135870871126e+01
8.838978029053532026e+00
8.879570111067774718e+00
9.216183946480144940e+00
1.250722564697183437e+01
1.225279447069364380e+01
-1.133095902839751119e+02
-1.040148390476989704e+02
1.037703616884518709e+01
7.487620134855305309e+00
6.425655862686040720e+00
9.937015164873589157e+00
1.230582917282011479e+01
1.247319794650114133e+01
1.195022212791658056e+01
1.107188036502108019e+01
1.177287601886852997e+01
-1.876315050939998343e+02
1.230041881379525570e+01
1.183767377975476265e+01
7.125400319239204805e+00
8.691109950473503432e+00
9.347515394307571057e+00
1.207252982680300057e+01
1.210752394060312653e+01
