-3.004251553525261897e+02
-1.444611263366334128e+02
-1.966195453521850141e+02
-2.838771626233367442e+02
-4.830522649604067169e+02
-1.212963245638813419e+02
-1.539258899057207088e+02
-1.707212512643306468e+02
-1.527797646869927064e+02
-1.145847809474191905e+02
-1.163549702967009978e+02
-2.013512203560451042e+02
-2.619923794035803439e+02
-1.311550537279758260e+02
-1.551395900513758193e+02
-1.514405963720622026e+02
-1.919303880282753880e+02
-4.116716195831730829e+02
-3.154674936385790716e+02
-2.035680298574332596e+02
1.251628591809585700e+01
-1.046000841627968612e+02
-6.688184872255664004e+01
-5.888514889291838017e+01
1.214970977719148770e+01
-1.518570326241866155e+02
8.565215749662989708e+00
9.618427569615690231e+00
-4.763462123851257246e+01
-1.214769869652754153e+02
1.226283788050099588e+01
3.002335386209113111e+00
7.309661130680135344e+00
1.048885885673264440e+01
1.000524840149546790e+01
-1.335956659557356261e+02
-2.635540770049584012e+02
1.059767384493870424e+01
7.730908127964443821e+00
9.816977502253507737e+00
1.227711150788138816e+01
1.138717685535630864e+01
1.182737245771477319e+01
1.125037999180294079e+01
1.253658632583982602e+01
1.112160005455298162e+01
1.088040092661515956e+01
1.184545794339296521e+01
-1.187062550197347832e+02
1.217407115935216844e+01
1.048940145920665223e+01
1.152301751185399326e+01
1.226401993829942683e+01
9.924454205959605702e+00
1.045253754424363990e+01
1.194576790138162181e+01
1.239546648374815874e+01
-2.949141910175534349e+02
1.057109614304926026e+01
1.128343285636684890e+01
1.112273759196621548e+01
9.267595484396691674e+00
7.570719235880346787e+00
9.120332177120594963e+00
9.621814245568593549e+00
1.169553130834766108e+01
9.408363330190621099e+00
1.257513310443462373e+01
1.214865793540336369e+01
1.051763958231132889e+01
6.469142263551189487e+00
1.056036477683483099e+01
-1.306445163354694898e+02
1.224963159077734076e+01
4.790864406693268407e+00
1.254235599063822093e+01
8.600312540303075792e+00
-5.999136044221856423e+01
9.588078134663261309e+00
1.239960095705294307e+01
1.229865094464815556e+01
1.054151668671357811e+01
-1.730746645393764638e+01
-2.057234808520351521e+01
1.249432995008351810e+01
-1.251489166580361427e+02
1.231157191649461424e+01
1.201829041329202141e+01
9.270793081869996399e+00
-8.367608663384906720e-01
6.530197001361221609e+00
1.215532560131205386e+01
1.229297002536323546e+01
1.243675604427655657e+01
-1.850752373811475309e+02
1.073947562855759230e+01
1.152948072403108526e+01
1.245052173871525980e+01
1.257608315215737171e+01
9.423607454576259812e+00
1.196595100447868276e+01
-1.821644808577243282e+02
1.105734202427233370e+01
9.252858789796500005e+00
1.045869257019571918e+01
6.780213977944406167e+00
1.246199547759836079e+01
-1.616573307077303525e+02
9.393768923016320826e+00
9.585330931007939981e+00
1.256278913494270455e+01
1.052015935242596711e+01
1.222178631715896735e+01
1.173906003262420583e+01
1.222953489546962480e+01
1.252445695235320144e+01
1.051593464971198522e+01
1.205320087943085738e+01
1.160170833437391913e+01
1.120210918070355710e+01
