7.926915819194072732e+00
-8.619192312031255199e+01
-2.744568963392808882e+02
-1.011401395615230712e+02
1.245438869446901897e+01
-1.921989907475004031e+02
-1.746539498109887631e+02
-7.463180497957544901e+01
-1.705468083425944599e+02
-1.266248613108505765e+02
-3.980031086873021309e+02
-9.277610643004138069e+01
-7.129506304307504649e+01
-2.237549405563021026e+02
-2.283410673383886547e+02
-3.311933840270498308e+02
1.250123387756443449e+01
-3.291491997935477798e+02
-1.409971388043888965e+02
-1.561456804947337105e+02
-8.880180689799632887e+01
-1.069776031523412883e+02
-1.158926699136658414e+02
-1.890573668135376550e+01
-1.448829087003439042e+02
-8.859158181030358037e+01
1.204516385406120449e+01
1.244655135633496457e+01
-7.376454686625932311e+01
1.177611237115262632e+01
1.251877221444457788e+01
-1.002803027367898068e+02
1.253004923884256705e+01
-1.190127548674020375e+02
-9.224558668088073432e+01
1.218848504838586777e+01
-2.406225092935102907e+02
-1.906097825909193091e+02
-2.003456709077601516e+01
-2.091513050099541715e+01
-8.909045514948667233e+01
1.245809950435876701e+01
1.254305943284957792e+01
-4.090334464501814438e+01
1.247210002274242591e+01
1.254272694376141395e+01
-1.974719763807769368e+00
-2.058319521716961731e+01
1.218121182902137001e+01
1.250530281801302124e+01
-2.700909280479340069e+01
1.257145731592985882e+01
-3.153759354962386396e+01
-1.127326706719177167e+02
-1.041665527181537385e+02
-4.470675551412174542e+01
-1.155908698801711409e+02
1.249537657343813990e+01
1.245406862262249170e+01
-9.668878584716287605e+01
1.253286192459671433e+01
8.418275011079883186e+00
1.229459302068192805e+01
1.240270992496396651e+01
1.026899783026277113e+01
-1.185676271343978669e+02
8.488751516745125514e+00
-1.567908183747960038e+00
7.977238643898636461e+00
1.241378883658642351e+01
1.255514282896834288e+01
1.251425076222251498e+01
9.394176816775367200e+00
1.250007449901984202e+01
1.211298373947104778e+01
8.724911503224145548e+00
1.013617577695694294e+01
1.136699569432185797e+01
1.237771525118333216e+01
5.981996212770935628e+00
-2.582153697689726357e-02
1.123829347933984835e+01
1.233889875645897760e+01
9.544914612143001520e+00
1.244164326184601066e+01
1.208055987520365626e+01
9.694124306689602122e+00
6.246876109771799079e+00
9.887940604449084958e+00
1.254523295694346352e+01
1.209880591106574599e+01
1.198479913417890330e+01
9.137164001793529167e+00
1.178741376176173006e+01
4.284554923054296083e+00
1.184249255088678154e+01
1.201217209801611752e+01
1.233778741812794877e+01
1.135535936952016911e+01
1.217866641741062850e+01
1.145607478876328500e+01
1.155445390218437041e+01
1.219291323836507068e+01
1.234998266619816931e+01
1.147797723006326365e+01
1.051484663411120479e+01
1.238339199973934868e+01
1.223964081496179723e+01
1.175145446558746976e+01
1.216241400120780725e+01
9.612021327776911761e+00
1.158840855267009573e+01
8.922275292440119188e+00
9.697171540038816318e+00
1.164126241697674047e+01
9.069772470907320638e+00
1.206157950966247405e+01
1.249381324694336826e+01
1.190205288339475764e+01
-4.665902729746658650e+00
