-1.562853590564885167e+02
-2.667891232484618058e+02
-1.034413088694682301e+02
-8.349564995853835114e+01
-1.305848680341017882e+02
-3.294263291892413577e+02
-4.644338005162648528e+02
-1.134206019567109394e+02
-2.139257545956998285e+02
1.136823969879248253e+01
-4.694729734533220267e+02
-6.209231419146030930e+02
-8.699461411097624364e+01
-8.714142222660950665e+01
-7.999666082619917518e+01
-1.300689162057019814e+02
-9.648178056205344433e+01
-8.754647626350552514e+01
-2.557875086833452656e+02
-1.694400653604899105e+02
1.255056240731408757e+01
-1.972913118224781499e+02
-2.002269208465323231e+02
1.253233937185908076e+01
-2.526587241562424708e+02
-1.481489987901137795e+02
-2.102981394902046475e+02
-1.179087723935096932e+01
-1.369075161781613588e+02
-1.548152149355943834e+02
-1.862309437556469049e+01
-1.260295543508280787e+02
1.256782190958286449e+01
-1.510452867254603859e+02
-1.770929877515943076e+02
1.252811680615352508e+01
-2.621727100671964905e+00
-5.465340574369899684e+01
1.015897534845812800e+01
7.968938982703716256e+00
5.862015803443188844e+00
1.175701557844262446e+01
4.870244094024464232e+00
1.235764292804065789e+01
1.256681396373059556e+01
1.142219439657139191e+01
8.076819850037839643e-01
9.286158885751515157e+00
1.232511841895773763e+01
1.016587139518410154e+01
7.077143137288913977e+00
-1.337453599411791316e+00
1.221506146504272294e+01
7.201126353201768637e+00
1.212427794286337068e+01
9.552075416243770434e+00
-1.872230681415565812e+00
1.109368961216432048e+01
1.224399399986876524e+01
1.109202992079491601e+01
8.244083745271987951e+00
9.730734223894208057e+00
1.117736060210566329e+01
1.105649559717624086e+01
9.414368551906250104e+00
-8.982942373630416455e+01
1.137221988889622537e+01
1.173739932052118107e+01
-9.588953428583810989e+01
-3.083604304903374782e+00
-2.660541906490399811e+02
8.108371617244923613e+00
1.140427943996286508e+01
1.185814944203916177e+01
2.023367906026511065e+00
1.238851101513492026e+01
1.025057583158298513e+01
1.251902126877336130e+01
1.132082659364626309e+01
1.254969750230527836e+01
1.235272597870181244e+01
1.137796641361637739e+01
1.255817914485214004e+01
1.049028696833398300e+01
1.252306183823978358e+01
1.247734321367202526e+01
1.003185992338094579e+01
1.241586290906492351e+01
1.210951836168927187e+01
1.188156998024780009e+01
-2.457795074356571092e+02
1.194762728323551393e+01
1.035120665904305959e+01
1.013559286095541090e+01
1.061464746417120431e+01
9.090331979606126822e+00
1.208482541789239484e+01
1.241605990387737535e+01
1.250362630411686737e+01
4.906266170560924067e+00
1.233006966228275836e+01
1.090273080759618907e+01
8.243411141033931244e+00
1.215794659741264105e+01
5.141158208134816832e+00
1.037760470148597847e+01
9.011000888117569829e+00
1.058973337012972493e+01
8.485515207517963177e+00
1.252297808144001223e+01
9.072581499426469520e+00
1.244840120878630607e+01
9.096141869919467382e+00
6.668444174700420390e+00
1.205296902635456036e+01
1.216135200122696425e+01
1.213228562296153434e+01
1.209012935945617073e+01
1.136051567491344017e+01
9.063782764627919875e+00
