-1.389655768454262557e+02
-4.458593120889328247e+02
-3.377001456126051835e+02
-1.387849106772205801e+02
-8.091778177980863518e+01
-8.339869042847777791e+01
-4.186483135477813562e+02
-1.310551850753302574e+02
-2.932722129953107242e+02
-2.819386727181877745e+02
-1.354338827719061840e+02
-3.349188782507908968e+02
-4.348423665481893181e+02
-1.815969045952490717e+02
-9.896053185919176087e+01
-1.445895367865950618e+02
1.057601728577610345e+01
1.250596233658936107e+01
-3.665792740043422668e+02
-1.728449949861953314e+02
-1.558389006830668393e+02
-3.798077689913865242e+02
-2.005810078860001227e+02
-1.968376702692860363e+02
-1.791699305159301900e+02
1.258032564031796952e+01
1.256333800512832610e+01
1.238425826406039221e+01
1.194101991738818391e+01
1.256578302006998271e+01
-1.138735014837982078e+02
6.345487890708488621e+00
-2.464229055720629162e+02
7.269682161316493918e+00
-1.381864998472183004e+02
-2.884506538856034581e+02
1.242766321969045862e+01
1.209898814814390278e+01
-2.061029176236103808e+02
-3.584876199911251859e+01
-1.196990372542774139e+01
-4.764006502691016465e+01
-1.122860793036678118e+01
1.064874177022719692e+01
-4.754768884311143040e+01
-5.108293918762766594e+01
-5.442950631726290567e+00
1.030393920225965410e+01
-5.412616440856361066e+00
-1.795871748538500512e+01
1.190789923802723038e+01
1.012899187613546914e+01
-1.195045801907063492e+02
1.207169339438799938e+01
1.063081570711536727e+01
1.051579538897907007e+01
6.238172705230217829e+00
1.157036641441416869e+01
1.028219880270487607e+01
1.026950093141657305e+01
1.021823695859253078e+01
1.249343325246363534e+01
1.235474480560192134e+01
1.050303472903915747e+01
1.156506631585072142e+01
1.211862910648550340e+01
1.239038789099775784e+01
1.239159164635425903e+01
1.075046684043663170e+01
1.131571878060657710e+01
9.436329402509860742e+00
1.202815627009615795e+01
9.538228868791694737e+00
-1.866278560352994589e+02
5.170299086862012672e+00
7.659433952124226508e+00
5.754685195108896423e+00
4.256381572006683101e+00
1.042722851797278061e+01
9.708573107130025193e+00
6.370867044003903246e+00
7.292799432156847672e+00
-2.397178000688529664e+01
3.360483367288669143e+00
1.126099934874197395e+01
1.236008832635122445e+01
8.062969445296065629e+00
9.454225168670188140e+00
1.247072404899152787e+01
1.204534205472613984e+01
8.856944854123035782e+00
1.009487393529993327e+01
1.215417025724147493e+01
1.249991689284521890e+01
3.260738165989476300e-01
9.104525999153256777e+00
6.235536543875712212e+00
-1.023975928437153016e+01
1.251398172158685185e+01
-6.597838646115867789e-01
1.176781779904994885e+01
1.245206299676356565e+01
-7.571091906933092730e+01
1.196190385829706315e+01
9.988831156674908840e-01
1.142561805391753005e+01
1.216643240804309833e+01
-2.961018557585022037e+01
1.240132407527543812e+01
1.221104052720813193e+01
1.250595056026921270e+01
1.256413384446476478e+01
7.397926673502381867e+00
5.114904689541361904e-01
-2.684975776458059613e+02
-3.851157614084318226e+01
7.388698268561897819e+00
-1.564686434261353476e+01
4.884835519432918716e+00
1.230188288008204900e+01
