-4.433198424493519951e+02
1.256477239874224239e+01
-3.608322010963338471e+02
-1.129726915915975525e+02
-1.518649005834993204e+02
-1.200993863754318056e+02
-1.641234522854317390e+02
1.257660433391336774e+01
-2.353080880370173986e+02
-1.309798028159430032e+02
-1.503671600143839839e+02
-3.040830472463582623e+02
-1.175181189464712332e+02
-1.002138665081815816e+02
-1.847700751611444900e+02
-1.831106449801575309e+01
-2.412883783008018383e+02
-1.057952727738811092e+02
1.006846089559084589e+01
-1.587967912494091536e+02
-1.208494669008078048e+01
8.896608985467114650e+00
5.754859421690449395e+00
-2.299887973238337509e+02
-2.874009029816023642e+01
-7.914429154766524732e+01
-4.776536822745924837e-04
1.253527508187182171e+01
-2.793504470299867393e+01
1.186374741851203041e+01
-3.693992971313461027e+01
-1.927173938604289560e+02
1.176035493500036999e+01
1.177774428994164424e+01
1.147028752199472912e+01
1.246339104372195905e+01
1.190156891698839203e+01
1.118352087187403399e+01
1.229487880901874775e+01
1.247620384174669006e+01
6.764346237508696902e+00
1.198900409277095669e+01
1.017521056664786627e+01
1.226487807011363174e+01
9.319099782068260396e+00
1.039765359987672433e+01
5.255986590430545391e+00
5.369023749196129458e+00
8.494445742115946274e+00
1.251230391542703657e+01
9.708077878152231222e+00
1.205077151451255979e+01
1.125656444896236152e+01
1.136846519164285851e+01
-8.611430022439516563e+01
8.421226325106241362e+00
7.548000578156062623e+00
1.211145622544834843e+01
5.426732380726017269e+00
1.128148227919035840e+01
1.231227799222222608e+01
-1.522051842945033862e+01
7.830824662490908139e+00
6.775443075818133210e+00
1.235523516602355087e+01
9.198977546793654980e+00
9.651800565596605708e+00
1.114302344638110398e+01
5.533772562641338766e+00
7.885243059324587023e+00
1.112886329516831729e+01
6.565264691386541784e+00
-1.727020610153451230e+01
7.666229746030021275e+00
1.108578730852678973e+01
3.848709136365847883e+00
1.247352651629450726e+01
1.239607787771261727e+01
6.933822788585622732e+00
1.143296753529680920e+01
1.164699563440677466e+01
1.255830019321277291e+01
1.243634001087484542e+01
1.129640549145906192e+01
8.188395237303417673e+00
1.095406117041098071e+01
-1.547915087224965305e+02
1.127748925947443048e+01
1.193310339526778918e+01
1.255878577888507053e+01
1.210149220741879006e+01
1.252703355401977348e+01
9.669456460618388149e+00
9.397256735431515295e+00
9.253411299856008299e+00
1.253388606827993534e+01
1.227727878523499250e+01
9.023571208646934849e+00
1.125379932374131009e+01
1.065669016671424529e+01
1.214523245354539860e+01
1.176371445345061062e+01
1.254555508422203225e+01
1.102021429545250086e+01
1.206844866254903437e+01
1.132964919139909910e+01
1.099814446308027982e+01
1.225714022090300048e+01
1.031777247089834759e+01
7.669200527941045564e+00
1.238827504914076982e+01
1.221781957295586629e+01
1.171195515532466658e+01
8.203964375544700260e+00
6.336037504993409897e+00
1.216115954552242506e+01
1.256866272784148464e+01
1.147931458832977469e+01
1.048488764442204513e+01
1.236257798679707953e+01
