-1.522452185802774522e+02
-2.486351415833074725e+02
-7.095170150148487664e+01
1.257533250059548280e+01
1.243119075195344436e+01
-1.725025864687517583e+02
-1.088915655126570243e+02
-7.848760227758064900e+01
1.247748896995602053e+01
-2.831803379670630534e+02
1.254112400243260339e+01
-1.618433654971272517e+02
-8.638513894548508176e+01
-1.516397026883500132e+02
-1.164003040499072057e+02
-8.626762100148393131e+01
-1.592252394276975451e+02
-1.557468632196199110e+02
-1.603724045825542817e+02
-8.250989152232233437e+01
-7.286148140149275321e+01
-2.292009351003111135e+02
-4.472237129731453820e+01
-2.372152187812131103e+02
-3.764285630907775726e+01
-1.673320313325532709e+02
-2.238312337939980878e+01
1.252408004579949186e+01
-1.612432602025580763e+02
-1.579734183796079350e+01
-1.049867669450757717e+02
9.380121006445561349e+00
1.234986945326227392e+01
1.248088260459116938e+01
7.034700419768405766e+00
-2.644968703556465073e+00
9.732505996412701421e+00
-2.106955658165156109e+01
1.257323842008423753e+01
2.032302340558993947e+00
-4.546686351520956748e+01
9.362877950667243709e+00
1.103377922676220102e+01
8.987806067825056644e+00
8.244925694527282189e+00
-2.825269632737012415e+01
5.269333928256990873e+00
1.256371739595693171e+01
4.678377351344582991e+00
7.599403310558728641e+00
-1.144904632913029374e+01
4.226645669455555421e+00
7.544313563120817356e+00
1.072384449719305444e+01
1.244786672716169562e+01
8.849972197450998834e+00
6.100527781258346494e+00
1.196675976116467588e+01
1.247192597741796760e+01
1.255880849086986650e+01
1.235712778024666214e+01
1.089811628883033023e+01
1.041172729872280378e+01
1.143481262330372417e+01
6.973032755933589399e+00
1.040276875279463553e+01
9.212071619558580338e+00
-2.692033332125564016e+02
9.153249385277657524e+00
-5.938240790345783893e+00
1.161837250100809449e+01
1.020098183524840252e+01
7.050494754746007509e+00
3.253637658440146296e+00
1.244365789374047182e+01
1.430994888915620322e+00
1.240730480490309340e+01
1.248938201208174803e+01
1.252341005188818102e+01
5.706286702164639735e+00
3.363478970905148913e+00
1.132161303273211672e+01
-2.205098246968274722e+01
1.243551689393977355e+01
1.089758695317639159e+01
1.319890905081152255e+00
2.520541627738879242e+00
9.474966634129724952e+00
3.546961847463721895e+00
1.162886656885229364e+01
1.218644782625072587e+01
-3.736520293374990587e+00
1.224183332230015608e+01
6.610935887393791788e+00
3.834835834440617930e+00
6.896736417931801810e+00
1.116374079625100357e+01
1.100611908844395792e+01
