-1.406129462348667403e+02
-7.041576871122691728e+01
-1.208717451845454747e+02
-1.367860493261782722e+02
-1.169686414071346832e+02
-8.567864008341972237e+01
-2.780859337783948604e+02
-2.956009868072416680e+02
-9.243587003181050932e+01
-3.730137877682529393e+02
-2.538031832287217071e+01
-9.792197256780865189e+01
-2.590173007150140165e+02
-2.346874472581995121e+02
-2.821801707208825860e+02
-1.425595340465516472e+02
-2.616080505435270425e+02
-1.818942127193926979e+02
-3.533576347463810663e+01
-1.446411752195201643e+02
-1.907218737025125677e+02
-1.864677936675914793e+02
-5.556845860543663207e+01
-1.819704889611379599e+02
-3.801437440918450505e+01
-2.489437567240273950e+02
-2.120685615355822051e+02
-1.211224925806471333e+02
-2.400787700490004397e+02
-1.156640465291143869e+02
1.236394881348480546e+01
-1.041396119289329292e+01
1.171915416303596480e+01
5.676509223020206107e+00
-1.797242942945964330e+02
9.998848362852800875e+00
-1.565328207788833836e+01
1.256704633967261842e+01
-1.258690551826227448e+02
-2.721443707739994267e+01
-3.094833679556465711e-01
8.156385157143009934e+00
8.128177550304870991e+00
1.206386398869836896e+01
-3.461760745123818594e+00
-1.023462710184835345e+01
-1.847151900593965479e+01
1.123337109407410139e+01
4.092803495228052313e+00
-5.223610565656393590e-01
9.995293520216474548e+00
6.905442723907444957e+00
1.115877531016984037e+01
1.243167425039244733e+01
8.205838511219887721e+00
1.178818710002318326e+01
1.093546189040742433e+01
1.184082287470442196e+01
1.224849899615551507e+01
1.256626268463118379e+01
1.245801786913903797e+01
6.289391858778866862e+00
1.251925352635437072e+01
1.256534213828162727e+01
-2.546095499574443011e+01
1.178524738575731767e+01
1.048951228986979878e+01
1.161231367890866117e+01
1.253626419538776382e+01
1.229725705554944781e+01
1.166223830879933132e+01
1.191332535456113106e+01
1.096582595532313675e+01
1.219120805951794928e+01
9.979249426180057725e+00
1.012716323814929353e+01
1.089861455211255503e+01
1.258357110260281608e+01
1.028603646251820791e+01
1.128072983563187037e+01
1.011341884680606107e+01
1.130912344619940768e+01
1.234522117929783391e+01
1.198915201168650846e+01
1.056642271588528459e+01
1.205373176869724006e+01
1.167270749263947138e+01
1.017407453126530825e+01
6.821010175498427586e+00
1.038724231537768716e+01
1.246738546195976305e+01
1.215901196008902474e+01
1.234658742068403470e+01
-1.124952000636939786e+01
1.015493813870687489e+01
1.136962955937480224e+01
1.215793451028708461e+01
5.957463808704931196e+00
1.247701284921808451e+01
4.189506802033475807e+00
9.195921195131166570e+00
7.043210686832917844e+00
7.017812854194377614e+00
1.243296183935322219e+01
1.192876207953838374e+01
1.030525345217919053e+01
2.768032182468614266e+00
1.179322468035553939e+01
9.433298518367054797e+00
1.243417952061431109e+01
1.168018654982405025e+01
1.233411423516213290e+01
1.197793617931706223e+01
1.243536260762958179e+01
1.135861080563663528e+01
1.180795184075933157e+01
7.368379668678361583e+00
1.216451440755547253e+01
1.198722739299410556e+01
1.188438501648674617e+01
