-9.750761695796029471e+01
-1.872211999524200223e+02
-1.301580098420003822e+02
-5.854304447967508622e+02
-3.343080548502224474e+02
-2.374792021633552963e+01
-1.960716202165805839e+02
1.250856003724776144e+01
-1.288022431381265847e+02
-1.824238678977213226e+02
-1.898320799935494847e+02
-1.160949338358105933e+02
-1.380836221361467437e+02
-2.371426045076960634e+02
-1.298753659789761912e+02
-1.667314781730863444e+02
-2.850126657953259723e+02
-2.936611207702461002e+02
-2.358232072071854191e+02
-1.665891382389392277e+02
4.754697603976611120e+00
-2.511646029243827627e+02
-1.475422994626518403e+02
-3.143581605339940666e+02
-5.624155356627882441e+01
-8.969439909608608730e+01
1.255673792353192830e+01
-1.815219456675384322e+02
-4.965273814042478762e+01
-6.877052884422266743e+01
1.246609522820882532e+01
-3.539999914780743495e+00
-5.513760830121599099e+01
9.068367076211199418e+00
-4.156133488103188967e+01
1.003718140694883942e+01
-1.610250078680614294e+01
-2.287538455961709758e+02
5.971327122977772461e+00
-7.440719027838856192e+00
1.046513806332419172e+01
-1.917969613663773885e+02
1.222110197434086487e+01
1.082958852424133234e+01
1.252737093786094036e+01
8.893471533583266364e+00
1.075804263298653929e+01
8.282553022010523236e+00
1.218978161402408311e+01
1.211613722505400403e+01
1.053743608109228624e+01
1.235652446660561488e+01
1.240680044979203345e+01
1.124545084966164588e+01
1.253874428133632790e+01
1.242697882105121820e+01
7.714838601221397418e+00
1.241467447091746479e+01
1.152822617118799187e+01
1.186418901930288072e+01
8.795015228830569853e+00
1.160718676763797319e+01
-2.659504428956759057e+02
1.049791195793341814e+01
1.241801122587537520e+01
1.090820830222509841e+01
1.213967778201337921e+01
1.250501167524236124e+01
1.226368635257788853e+01
7.950717290340464594e+00
1.236796531900819929e+01
1.246616922500379943e+01
1.236934108899024309e+01
1.248725467247960452e+01
1.152713372268991066e+01
1.052815573756303813e+01
1.128852914958728881e+01
-1.714197942827006926e+01
1.234756882037709858e+01
1.175027115198126282e+01
1.145592234062180026e+01
-1.520976427017154720e+01
-2.056242800388476155e+02
1.160396787509954564e+01
1.107220954888128617e+01
8.877113812184441954e+00
-8.151938255777022846e+01
1.238519353139457202e+01
8.898473141921426688e+00
1.256108868127097189e+01
1.195816250931603086e+01
7.617639795324083529e+00
9.919651412572957128e+00
1.141112245576013073e+01
1.190155770326883200e+01
1.019070237044327421e+01
1.246065659684350457e+01
1.011694671962474423e+01
1.204945846291988687e+01
1.060863418394568569e+01
1.034043330262653981e+01
1.213818143109155834e+01
1.097743162662505867e+01
1.027482044415518914e+01
1.188572030597720186e+01
9.655595460971252209e+00
8.649494034431373990e+00
1.202976384520020758e+01
1.039439800090677402e+01
1.234501529739547543e+01
1.116657616022900612e+01
1.204579358579703374e+01
1.223329949687959939e+01
9.678141871746486657e+00
7.723635470414048854e+00
1.232151854779632671e+01
1.249275514728354608e+01
8.753392568673721286e+00
1.247748518933083162e+01
1.136937302053376797e+01
