-2.189594211648476403e+02
1.233503759654296417e+01
-3.475909365714201158e+02
-2.592741061621368885e+02
-1.112475124447333741e+02
-1.299777348546107589e+02
-1.350788901416487988e+02
-3.050116290399097920e+02
-1.110482881177282906e+02
-4.057337381666904434e+02
-8.977332898276893047e+01
-4.113917030162604078e+02
-2.897927628705788266e+02
-4.057327449493365634e+02
-1.014592085294197830e+02
-9.228027429238797197e+01
-1.297105843515163031e+02
-3.175897636447401737e+02
-2.527417435821873255e+02
-3.905651017376736718e+02
-3.465564160466631165e+02
-3.111279083868889757e+02
-3.826191584736818641e+02
-1.225341274374933676e+02
-3.021744742246852411e+02
-2.142415934272655704e+02
-7.010902927842543875e+01
-9.011654277267226121e+01
-3.615325841181222586e+02
-9.041096335633740466e+01
-3.905453961748955862e+02
-7.289083492830614830e+01
-1.863783050410629301e+02
-7.976441771081658771e+01
-1.160189373900910255e+02
-1.146534169025070753e+02
-1.644087026087103993e+02
-3.607646787846005623e+02
-1.431960474675865953e+02
-2.086236614558638678e+02
-2.490991470123557292e+02
-1.470602421682175986e+02
-2.691122955243134243e+02
-1.330221324539785996e+02
-2.656173987990890168e+02
-7.717750917257905030e+01
-1.647052126195468702e+02
-2.415893487263425925e+02
-2.679132132498177725e+02
-8.592886918289084974e+01
-1.464663074632993869e+02
-4.547477994671232864e+02
-1.652839529564477061e+02
-3.099781827051123173e+02
7.904615125289890187e+00
-3.149208846926683805e+02
-7.657725419633359820e+01
-1.608048944062469445e+02
-2.037052111331785795e+02
-7.993090200412763124e+01
-1.358672742851962312e+02
-8.541033705535593867e+01
-3.225635153435034681e+02
-1.917145907827158737e+02
-1.682213421765207499e+02
-1.073300066725494872e+02
-1.083905128807394220e+02
-2.036971762254003693e+02
-2.272418839738624570e+02
1.236734085972391739e+01
-1.238236420776104296e+02
-1.506640547531194159e+02
-1.336828675938486697e+02
-1.047596121643832987e+02
-9.689451909167188148e+01
-2.215802392892570651e+02
6.160208077908762903e+00
-9.242931833617431892e+01
-4.670443560520840265e+01
1.046091231956954104e+01
-9.813281266787667789e+01
-3.897266766136853988e+01
-2.252480217460722542e+02
-2.494712252490201649e+02
-4.251245413590369822e+02
-1.657316063085712869e+02
-1.987726790190438351e+02
-3.852696340359393616e+02
-1.830322682195635480e+02
-1.081630775590996194e+02
-2.120715618418412589e+02
-1.497084137253851566e+02
1.241350310294476600e+01
-1.001941330555199272e+02
-2.355173426604054328e+02
-2.593068243574600160e+02
-2.893343494388084878e+02
-1.062989880030406056e+02
-1.210904254282034884e+02
-1.195786662288288937e+02
-1.526623541680564529e+02
-6.691927807243341420e+01
1.257111540958270446e+01
1.258428141909538489e+01
-8.542214396331378623e+01
-1.311172243009204408e+02
-2.126308311280053545e+02
