-1.554082134842971072e+02
-1.607256609679960775e+02
-1.534795123784696784e+02
-9.311528879605471332e+01
-1.129079886176242979e+02
-6.794701598379042196e+01
-1.812977347850625733e+02
-3.368105954316982320e+02
1.204707211816554313e+01
-2.311638217439416678e+02
-1.509005741319733431e+02
-8.589756431572668305e+01
-4.141172527036676456e+02
-1.356716349529373531e+02
-1.821134750903862454e+01
1.210483542964604631e+01
-1.199905235829111518e+02
-1.351458011769430811e+02
1.251039815580519665e+01
-1.040907840581947568e+02
1.203065126012482722e+01
1.207882212266678224e+01
-1.965365430901429988e+01
-2.642207089357951588e+01
1.187676326772633750e+01
-5.286275797364911710e+01
-4.064415154452497347e+00
-3.467024982366680774e+00
-1.245007443360414356e+00
-2.730611950555550038e+01
9.528652186551742176e+00
1.211241917269213175e+01
5.745573492485949174e+00
1.253801625564808475e+01
1.045409725744363172e+01
1.244723241251271340e+01
1.229472343296505166e+01
1.081729635580498083e+01
1.082396949414402698e+01
8.153002796791939844e+00
1.253160011142412777e+01
1.175522080380648404e+01
1.240646126747353506e+01
1.243499692550436464e+01
1.117192958715225615e+01
1.232508522148469865e+01
1.200037596351356584e+01
-1.343134599740281203e+02
1.133740228440972508e+01
1.255773808231493049e+01
1.248436835341867024e+01
1.140269546054596539e+01
1.142297355001270276e+01
7.777573656086427256e+00
1.245728495901276389e+01
1.116576641877079368e+01
-1.530990136252600848e+02
1.236103553322552173e+01
1.228903869166559559e+01
5.228493473951822068e+00
8.601163471038104191e+00
1.252396295714528129e+01
1.214069461385516213e+01
1.109417014045075156e+01
9.471767936819574629e+00
-4.096068845820535387e+01
8.007805557120391882e+00
1.036687061843232094e+01
1.256162971366227410e+01
1.004310005964675057e+01
1.138073693808743947e+01
4.647790867998201847e+00
-1.305336617560407149e+02
6.532360785445057161e+00
1.232086548387549030e+01
8.208070163001789155e+00
1.239942162989640018e+01
1.065724632561734353e+01
1.205294152321524592e+01
7.872134568024316437e+00
7.460716641211972977e+00
1.221379107784969875e+01
5.153213042671302091e+00
1.802536495791683180e+00
1.256439426051521302e+01
1.190225327535263666e+01
1.034740693343340112e+01
6.775759918237044488e+00
1.246589637181382493e+01
1.232694443648269811e+01
1.112394943726019392e+01
-6.660098797694666928e+01
9.039379492380168912e+00
2.907460704542334184e+00
-1.625083151306424867e+01
1.237292460285946660e+01
1.202179130574196364e+01
2.965034643067379960e+00
1.223416786959067792e+01
8.979089851288954094e+00
5.828616027178297188e+00
1.253615604232561864e+01
7.091020607407624965e+00
1.147123497921560187e+01
1.119522361829378276e+01
1.073714642451670898e+01
1.250621996162922578e+01
9.899761178617815460e+00
1.241940209508351245e+01
-8.517985331534614346e+00
1.255788533317531375e+01
1.202606345396833376e+01
6.686014577110631407e+00
1.059886314243601113e+01
1.067125960611249980e+01
1.079018754718337902e+01
1.185616011825876193e+01
3.527413740729116398e+00
1.257734332330554849e+01
4.204379821924979055e+00
