-3.539398288642262855e+02
-4.363187798155965993e+02
-1.212179504836483659e+02
-2.215355840801744023e+02
-2.283560574440343771e+02
-2.162934731171218914e+02
-2.024280458575100283e+02
-4.264356389843658803e+02
-1.304918568024889112e+02
1.253805233607046077e+01
-1.977671993202221188e+02
-2.776732275613664456e+02
-1.972166839941876901e+02
-2.902845604913907209e+02
-1.144740597076321507e+02
-2.774320824825691147e+02
-1.356571110550172250e+02
-2.402413041972988594e+02
1.255511609872961287e+01
-2.413784224621611827e+02
-1.463153643048649144e+02
-1.179394979116593021e+02
-2.184932996637710971e+02
1.255389424851415470e+01
-1.713777786135424890e+02
-1.003996294862245264e+02
-7.791139049436782926e+00
-9.006002446273407713e+01
-8.987631098224768778e+01
-3.052129037399037514e+00
1.257856691184228026e+01
-3.867845652551922342e+01
1.121015429300209476e+01
1.248312314875919071e+01
-1.284415757045036059e+02
1.247234632441168323e+01
1.252680430393309585e+01
1.255294305025661217e+01
-9.099154803340029218e+01
1.252263882507097037e+01
-8.858535772123804009e+01
1.249605450955368013e+01
-3.952697834525451981e+01
-9.162701885897366338e+00
1.257430041473328153e+01
1.215627936928479613e+01
-1.714613266893634886e+02
-1.191314162798268228e+02
-3.697221359376911209e+01
9.229806441282015328e+00
-2.693203116178246432e+02
7.754499215536707624e+00
-4.295818271313876835e+00
9.390050997683726308e+00
1.016133910287753928e+01
-3.524957750496421482e+01
1.254335417392575458e+01
3.917569002575897130e+00
-1.339850638976767527e+02
1.364226162883937832e+00
1.242769133739756171e+01
1.021215436592165204e+01
-1.619109350183280469e+02
1.074605651276870155e+01
1.251382310683057142e+01
1.252943602049166039e+01
1.256206223246063658e+01
1.231695644593523831e+01
1.142031847094584052e+01
1.033104824878741823e+01
1.032592398224191221e+01
-1.217716389521286686e+02
1.249013197401897735e+01
-2.628254145231620100e+02
1.236298296538775787e+01
1.256679159393405953e+01
1.234366033127959383e+01
8.204611949580725039e+00
1.243181831079863287e+01
9.922918579313282805e+00
5.598688146568367330e+00
1.253149962272724771e+01
1.240951771079008736e+01
1.028059530732977755e+01
1.249115683789633913e+01
9.816781070880264082e+00
1.177533654094663618e+01
1.243394101880200253e+01
1.256972025432621010e+01
1.198341588646470690e+01
1.180827254250204739e+01
