-2.437109051826653854e+02
-1.049888530688538424e+02
-9.172110463358465893e+01
-1.080183493337518712e+02
-1.403697737180425236e+02
-3.747360221142520800e+02
-9.195027398780611350e+01
-2.724477385949203381e+02
-1.395042855152931907e+02
-2.804724450235152062e+02
-2.007113336172905349e+02
-1.884941811355394350e+02
1.239919435001467463e+01
-6.265688416696757201e+01
-1.497397659779840069e+02
-1.670006594968017737e+02
1.250890036156393492e+01
-2.177050219982672843e+02
-9.501410888750598360e+01
1.144460441051905164e+01
-2.491683788814038110e+02
-1.425707075368034396e+02
-1.707910950620402559e+02
-2.103498961558067322e+02
1.225857214470397416e+01
-1.683466877937219977e+02
-6.998029680359661597e+01
-6.812543950476646160e+01
1.194359108260718116e+01
1.241214880608460547e+01
1.229830165941143605e+01
1.253102617802657015e+01
1.240365892993989050e+01
4.508165040193162554e+00
-2.409407686493342382e+01
1.024356917009156120e+01
1.231706257058447562e+01
1.219931468784161055e+01
6.972678957977908709e+00
1.249883787639017996e+01
1.256295938490590558e+01
1.244442575001096429e+01
1.205485943991602937e+01
1.123656825005829596e+01
1.215918834692253370e+01
1.141283265693792437e+01
9.728813901265219499e+00
1.241429214947633319e+01
1.010588113469979277e+01
1.028925718841195192e+01
1.220684385160067720e+01
-2.867324350322712689e+01
6.050491602300569483e+00
1.221126784234449580e+01
1.229197110183890906e+01
1.184349558973327277e+01
9.733682454678618257e-01
1.222239959246539698e+01
1.131052301454876030e+01
9.585839863195808164e+00
1.234118323171355236e+01
1.171988498698156889e+01
9.192659619528335213e+00
1.225478478917020198e+01
3.801135440244415520e+00
1.244826448388803186e+01
1.249971996973496324e+01
1.239118978003083704e+01
5.661435527122121059e+00
1.224602454616006675e+01
8.320285460967365765e+00
8.342765898487723319e+00
6.580774815639854225e+00
9.611283870365781468e+00
1.228803448600101866e+01
1.236323689418651561e+01
1.908119584309247330e+00
9.407356120232174490e+00
1.246590972497737582e+01
1.251040271431919670e+01
-1.052021002574768715e+00
1.205553678264795181e+01
1.245368837185204747e+01
5.485753962421522800e+00
1.086404343529481054e+01
1.182765704520774719e+01
9.945995421922287250e+00
1.164077987002372971e+01
1.116469964815239280e+01
-2.589634002000192226e+00
1.163705965999967162e+01
1.252952249514468086e+01
1.253505779957551169e+01
1.243840540002803507e+01
9.910251102817271729e+00
1.242652279669309934e+01
9.943989114306397425e+00
4.521447422883110079e+00
1.167979122422997840e+01
9.299064548172413680e+00
-1.628673580211970062e+00
9.078256806074509910e+00
8.792184726177925569e+00
1.036361459712235700e+01
1.248942735691425554e+01
5.519427948698425013e+00
1.255599985967473309e+01
1.075358026061546823e+01
1.240871882509244273e+01
1.254772848886377368e+01
1.068118194119822029e+01
9.557200237334445347e+00
1.135172528124225444e+01
1.016662901059153867e+01
1.206805503467704987e+01
1.224369020871532499e+01
1.072157038676525254e+01
-2.575796242739169628e+00
1.245245220246691709e+01
1.030044022515316371e+01
