-1.430034174727562686e+02
-1.554083379222452947e+02
-1.052436040579324299e+02
-8.962006394169360135e+01
1.117130568248424538e+01
-2.206026775477540696e+02
-2.321710248163256836e+02
-1.857488273817705817e+02
-2.301690518189234069e+02
-7.726359439160859210e+01
1.247497342303389445e+01
-8.479878887512887786e+01
-1.939174491392394373e+02
-9.727066556445261369e+01
-1.363633950750323152e+02
-2.918867811157081604e+00
-1.727802451517096216e+00
-1.966668311138636227e+02
-6.779752182231020186e+01
-2.309204932986002916e+02
-1.575627496349715670e+02
-2.290244725475790943e+00
1.257225826678405234e+01
-6.057834698885747571e+01
-2.887374167382670294e+02
-7.748514233930417561e+01
-5.857322976575238727e+01
6.090516372770961695e+00
-7.105702056217667462e+01
-1.046565623546530190e+02
1.249850862193436285e+01
-3.654008089344622334e+01
1.017911675713851238e+01
1.252539009360529221e+01
-1.860609582723803612e+00
1.244374229153460476e+01
-8.722790714887349850e+01
1.242453304868508468e+01
1.134211573890716274e+01
1.233911789165195572e+01
1.242144452227224605e+01
1.155660262342615496e+01
1.242776509310779076e+01
1.133258204991981444e+01
1.107407341738492690e+01
-1.811930135755479512e+02
1.242948406525484728e+01
1.203731299117684728e+01
7.214079843695749616e+00
1.237855929079174366e+01
1.218433553466484121e+01
1.246441499985053269e+01
-1.644038439503203790e+02
3.776253250861881128e+00
9.869194862273721114e+00
1.036429763002626103e+01
1.226433369376656835e+01
1.163232433025439505e+01
1.216280727120374117e+01
7.488892400030859875e-01
8.487792091964680097e+00
1.091260482377140839e+01
1.133976797922173674e+01
9.618002714729563252e+00
1.008076398583179767e+01
1.128730168641411957e+01
-1.943289663384783950e+01
1.207970130199875136e+01
1.124541124486493615e+01
5.565688954555845669e+00
1.254154940869501900e+01
1.221243600182531353e+01
-2.282669621710628860e+01
5.233197949866776000e+00
1.019425091944896522e+01
6.513944889271661154e+00
1.255833073615616513e+01
6.299915443649217295e+00
1.248614802885060016e+01
7.708367628533696170e+00
1.097528936363182694e+01
8.890851437633223497e+00
1.167222688371006001e+01
8.896269383122577423e+00
1.256264815715085348e+01
-1.621212462046823788e-01
1.230232964076592772e+01
1.195614834105115420e+01
1.214139904176535367e+01
1.153684518433960093e+01
4.218886763999233125e+00
1.093689265172865177e+01
9.056954091460852396e+00
1.155668568575534216e+01
1.062820230374332198e+01
1.131719514120107739e+01
1.240154875180971139e+01
1.209557398132571038e+01
5.272403943451418940e+00
1.083509209484761726e+01
1.252113272706960778e+01
8.572850174645305188e+00
1.199673931552427852e+01
1.248026303943430015e+01
1.052734807128837247e+01
1.152458664421428658e+01
1.221145382023311754e+01
7.393384308864683341e+00
8.192353703064892301e+00
1.109622231904349654e+01
1.253341629139369573e+01
1.080141430151525128e+01
1.195558101685654506e+01
6.320659202314233838e+00
1.130220402997763074e+01
8.894181276044449191e+00
1.019206330514729864e+01
8.836505832608935407e+00
1.141836984705127556e+01
1.213629627166436720e+01
