-2.250218193563850377e+02
-7.666286306443274157e+01
6.659014692013833780e+00
-7.585373761893680467e+01
-4.869038881884933971e+02
-4.192825113634490890e+02
-8.791229312553446107e+01
1.247002014280351112e+01
-1.848492916992465211e+02
-1.201755973428955286e+02
-1.847356886887681924e+02
-1.069749979279738739e+02
-2.359532147905277100e+01
-8.162298045889507137e+01
-9.971890715073726597e+01
-7.232892094550859952e+01
-7.572083648595754823e+01
1.250758105141139964e+01
1.248120363723610637e+01
1.241246787482576686e+01
1.236966330475350517e+01
1.207968848990991262e+01
1.246540477051932427e+01
-3.503961500114411365e+01
8.136592928952234516e+00
1.250308583674796736e+01
1.225169124590195580e+01
-2.742552532593226289e+00
7.196154761670917388e+00
-4.235873155286686398e+01
-3.168611502634057686e+01
9.182307640226229140e+00
-1.135574737765165665e+01
9.312565129418723942e+00
5.720921733420453847e+00
8.807533628280220128e+00
7.659527925396889536e+00
-2.524701163895913112e+02
1.253313933473802244e+01
-1.881706122405057329e+02
-5.918445199519121047e+01
6.421484156763728635e+00
-3.482812666241731847e+01
-4.168874206269670424e+00
5.260613282043525629e+00
1.195779146938739324e+01
1.171560335858954183e+01
-8.895256094698549276e-01
1.247277504700828388e+01
1.234131178896260117e+01
1.177362894349666966e+01
7.776492848208515163e+00
-5.996131805349407529e+01
1.215121829223315508e+01
-2.761979482887966242e-02
9.840051681095266289e+00
8.810661107372670386e+00
1.217276761515635286e+01
1.098567315183135307e+01
1.158168326362711653e+01
1.245220326025823887e+01
1.235208387483924319e+01
1.153693209169576228e+01
1.255195773591108654e+01
1.253074415740264769e+01
1.171372326180432744e+01
1.234112984341182440e+01
-1.627923011533461022e+02
1.249551929139550488e+01
7.944697036651853672e+00
1.097271075130140616e+01
1.236396977193547286e+01
8.139913524299114300e+00
9.196486308931515197e+00
1.243806162298384344e+01
9.876925531404115333e+00
1.218127435794328228e+01
1.494359396713509369e-01
1.153466068477367479e+01
1.189051121367117503e+01
1.193895532937652249e+01
6.508410294711140409e+00
7.541710653750138604e+00
9.567698845587884193e+00
9.501144917752892383e+00
1.230607855791515703e+01
1.235205944608656381e+01
1.252941765348809255e+01
1.225302679441790232e+01
1.229729203123296521e+01
1.221568911910493682e+01
1.189587380119377258e+01
9.323063769117240440e+00
1.078750227239192405e+01
1.245804756869192786e+01
1.121380887302452578e+01
-4.441356319478628478e+01
1.143627269510212585e+01
1.096549818179973457e+01
1.145706331471042461e+01
1.251809369511372161e+01
1.217903313212901040e+01
1.230475378617108539e+01
-7.144924771073831948e+00
1.226393631894218750e+01
1.227193053618286100e+01
1.200332669739072955e+01
1.177449034798753758e+01
7.748372018810780304e+00
1.170233505727789947e+01
6.317457848657417330e+00
1.028139801412146070e+01
1.225526367434212283e+01
1.025803138304197049e+01
1.222326439460242042e+01
1.052421495116872663e+01
8.219807571456577477e+00
9.522822863992630005e+00
-2.235028888524772412e+02
9.827177837588115139e+00
