-3.340658769739102354e+02
-1.835901783596348196e+02
-1.764713904751833695e+02
-2.849456866360057461e+02
-1.844027362921662814e+02
-2.198052216583697884e+02
-2.241283436703093628e+02
-2.132537296436203462e+02
-2.533842849171554974e+02
-1.869643921571632745e+02
-3.892813616627232705e+02
-1.042669418575223261e+02
-1.351704846281235177e+02
-1.908063171711255848e+02
-1.589770403832919214e+02
-1.236180850462785372e+02
1.235146358437809511e+01
-9.969037370898856665e+00
-3.508660862592075773e+02
1.211926386305107251e+01
1.223888543002290241e+01
-8.456212589955569570e+01
-3.661732173558370818e+01
-6.660141033315285597e+01
-1.183331629956979043e+02
3.434276143925663050e+00
-2.069328363281415193e+02
-1.073979289997001132e+02
5.449201707096863245e+00
-7.537286432226392208e+01
-2.307238214938361409e+02
1.248479923189628416e+01
-2.016122935532911598e+01
-2.629629575614118053e+01
1.222639525365763369e+01
-3.926947231836608410e+01
1.232065109586520180e+01
7.138603525472670519e+00
-2.409880217414192316e+02
9.285985182162480811e+00
1.253143449530200293e+01
1.914120094146470663e+00
1.247036799962764420e+01
1.253786844935032541e+01
1.245286591137518073e+01
-2.749690676064059858e+02
1.088987295092032426e+01
1.253739300888884323e+01
-1.011341920963659078e+02
1.254372462925164378e+01
-4.489329937587718433e+01
1.141545951888460309e+01
7.096629728373152091e+00
1.031573809874920755e+01
1.237057393034265118e+01
9.687541081050566660e+00
1.257170528967900580e+01
6.912132060646399623e+00
1.252842468072124404e+01
8.510155443368793371e+00
1.249437955707409920e+01
1.233104051946809321e+01
8.655849454138291321e+00
1.251577294986594069e+01
1.213308473168039825e+01
7.319220887331787218e+00
7.689081590152128776e+00
1.226916209188323847e+01
1.040362629754111090e+01
6.793310752968686472e+00
4.733494592973178428e+00
6.811208672554544208e+00
1.214595314678524574e+01
1.135680149234875458e+01
6.943548776862609628e+00
1.166163408301853721e+01
6.321331720319879111e+00
5.788614687384386670e+00
8.825163538098124150e+00
8.964018089756233820e+00
1.226319043634065054e+01
7.772374677980903535e+00
8.918149981487669464e+00
1.232247337982264668e+01
1.254892233782302569e+01
1.254460940051078310e+01
1.248581233646395461e+01
2.258709997235465394e+00
7.427360135692055998e+00
1.255482856143176740e+01
5.929112398832959485e+00
1.159571287771980330e+01
-1.729040476904302892e+01
1.220642844305936237e+01
2.926232142693159233e-01
1.243311384430118594e+01
8.821469837983492823e+00
6.882703120166109301e-01
4.353340969988495956e+00
1.254094212864132274e+01
1.249309829953797113e+01
-2.316338115782130558e-01
6.846049710970708801e+00
1.155456368522543897e+01
3.019762879469277905e+00
9.578119663857476596e+00
1.238197917238500523e+01
7.494111081366359173e+00
1.222227490805908801e+01
1.130458440104172624e+01
5.607776159247604753e+00
6.987790689017707280e+00
6.143150072081297708e+00
6.158830290385411743e+00
-1.385646224180018180e+02
1.126990558729993452e+01
1.254386861376683804e+01
1.125210927113834458e+01
9.558044717801134738e+00
1.171373276955421439e+01
