-1.447970449320591513e+02
1.211789558096534591e+01
-8.401795181331996787e+01
-2.796601061831789821e+02
-2.527288812119791999e+02
-2.411249359243897743e+02
-3.205154362594477107e+02
-8.682025236671812252e+01
-1.044427665235079559e+02
1.250265706901924290e+01
1.248053534928681430e+01
-1.601989313216556354e+02
-4.970625993814953176e+02
-1.728089784670219160e+02
-1.886644172259870516e+02
-1.832541422155697717e+02
1.252833099301608044e+01
1.245323285002698022e+01
-1.647084611309716138e+02
-2.055080983423638656e+02
-1.814118539332366709e+02
-2.090559454166690614e+02
-2.628768969686361174e+02
-1.797694496095662373e+02
-1.106879450789533479e+02
1.089268517350019749e+01
7.503289334921161569e+00
-2.782779704271347327e+02
-1.254369003881390654e+02
-1.375359492438718689e+02
-3.020962752426208908e+02
-1.648821613406458937e+02
1.023673614399975662e+01
-1.221347746621135570e+02
-8.475471481892346048e+01
-1.507248392215443005e+02
1.224977674352021140e+01
1.256231194575097732e+01
-2.742078527361690021e+01
-1.365642862481001032e+02
1.221507046357841020e+01
-9.092345976688018538e+01
-7.497829379343023959e-01
4.876969363647733147e+00
-2.195923595063159723e+02
-5.111279515398317841e+01
-1.584733933353340944e+02
1.060924832010463703e+01
-1.077489445054533945e+02
-1.346954244851032740e+02
5.626424141383527200e+00
-1.808979621323382503e+01
1.219473261504129624e+01
2.817596258200664394e+00
-2.186328869187097723e+01
1.246618240089319585e+01
1.253828036705843374e+01
7.389156865618772940e+00
-1.250722001328959720e+00
6.547599483719233504e+00
5.252048486688002171e+00
8.675497810481541450e+00
8.851023713205831811e+00
1.169596071856575570e+01
1.224927492688154018e+01
2.547304317891255110e+00
1.221573042523538533e+01
1.185250337920386521e+01
1.255406603842526891e+01
1.214262825442594540e+01
1.004270116461115592e+01
1.095552067779478378e+01
1.210179597485514691e+01
5.104311498396638669e+00
1.183644556114255231e+01
1.240113208938041822e+01
1.239603308865110876e+01
1.073091758831118980e+01
1.201688237492078670e+01
8.658119241800349641e+00
1.255834581497313707e+01
1.148921773225088749e+01
1.223829734653322632e+01
1.163169454319050011e+01
-1.382128539178099800e+02
1.117454877535559810e+01
1.257592347929041665e+01
1.087586304516425528e+01
1.257245893375094603e+01
1.043212443660290845e+01
1.212767516564700365e+01
1.226728531820037738e+01
1.140652174125796670e+01
9.434893441667892233e+00
6.613558800776505819e+00
1.093989633481113799e+01
1.074941472895477901e+01
1.129803994059005667e+01
1.257270734899039866e+01
5.837749773438032364e+00
-9.252640843626468836e+01
-7.555817999220207071e+01
1.093219039575395968e+01
1.140225533258665891e+01
1.210263760609293726e+01
4.602027578227295024e+00
6.927045428902225410e+00
-6.199523642321183559e+01
8.286726452412729316e+00
1.248111544999082234e+01
1.137483555758504039e+01
1.237937749235787877e+01
5.389361009828139260e+00
1.238517840103546419e+01
1.248688069346091467e+01
1.227926076929426458e+01
1.252707969002713817e+01
9.592973118798248322e+00
1.091342330138897054e+01
-9.013284143654325931e+01
