-1.458331344861488219e+02
-4.506756190843097443e+02
-1.729840037568504556e+02
-1.136328581143467744e+02
-1.107317214969932309e+02
-3.457522584996079900e+02
-2.807497851697456781e+02
-1.125308733805412089e+02
-2.011769589145807515e+02
-3.193187450107552081e+02
-2.950083237914371352e+02
-2.196003757028890959e+02
-3.654593455438568412e+02
-1.329709292526079878e+02
-1.449212772338794366e+02
-1.547443872165398773e+02
-9.019187874351477774e+01
-1.074432658661420703e+02
-4.793642404002642365e+01
-1.961426476383967952e+02
-1.102133080959795706e+02
-2.218966829715027700e+02
-1.006691612511026790e+02
1.045343077404961818e+01
-4.306742332099231874e+01
-6.990388049722287178e+01
-1.561906178671267185e+02
-6.156034030161346493e+01
-9.097124800000018752e+01
-8.602423775914853366e+01
-2.401330506097470874e+01
-3.064803777050459743e+01
1.024173208183269423e+01
1.254329939926050308e+01
5.384814248351734278e+00
-1.154265266891552386e+02
1.252255032608108820e+01
1.236764544895642537e+01
1.209652127396859456e+01
-1.610867404961581073e+01
1.247506132748946506e+01
-5.763909864356101309e+00
1.250537507945553983e+01
1.255745888066466520e+01
1.222307139555075572e+01
-1.289546369498994807e+02
1.136649676088646643e+01
2.276396635754469600e-01
2.864630889547271408e+00
1.147713259999581403e+01
1.238222888456497373e+01
1.170927757736119723e+01
1.202059066426780376e+01
1.212419053832414839e+01
1.229153031763479298e+01
1.244001695787408934e+01
9.682591546333295440e+00
1.146828002230852483e+01
1.232176582598120262e+01
1.236980346295355204e+01
1.192138651444058617e+01
1.156029651806560743e+01
1.228544774615731860e+01
1.247576670247068087e+01
1.014897118466768156e+01
1.219360574029855648e+01
8.188199150131946880e+00
1.176852239152439772e+01
1.248851067179572460e+01
1.208222672181043400e+01
1.240304279760442085e+01
1.225000641252464106e+01
1.247433355964190582e+01
1.171611022733867813e+01
1.091777330895470755e+01
1.173452893840808642e+01
1.149337614453565948e+01
1.171669435677939575e+01
7.583905618701765938e+00
1.133998560682454304e+01
1.031260085514715286e+01
1.145754167295072534e+01
9.177356788210719429e+00
1.185943999366226009e+01
-5.298993099094120396e+01
1.189313806298099507e+01
1.146873605469309254e+01
1.157766945730904240e+01
1.176460191387048759e+01
1.228741569407941370e+01
1.243954385333090684e+01
5.287267474669603118e+00
1.246937811397384621e+01
1.232743931560721506e+01
1.203011191600028518e+01
1.235035312478056291e+01
1.106285771784756022e+01
1.157776215408119214e+01
-1.918051345630416051e+02
1.239240884588251035e+01
1.183092336852981319e+01
9.466388543431486724e+00
1.200024063149497877e+01
1.086081646761667407e+01
1.208719344132899920e+01
1.151865183703238671e+01
9.889714829993636158e+00
8.459862228330123912e+00
1.250446901832394886e+01
1.199361474776595671e+01
7.577182211068105744e+00
1.200835200899553001e+01
1.175735855274326269e+01
1.199446397126838271e+01
1.251360772406687971e+01
1.241256912554850800e+01
1.254890190579459919e+01
8.208172839000754450e+00
1.220825740978499852e+01
1.249320089450854887e+01
