1.180297890935637106e+01
-1.111327318911167339e+02
-1.961159476296627702e+02
-3.291181136557600553e+02
-1.477130391843076325e+02
-9.753559299856257780e+01
-1.620952231783227546e+02
-1.662904552873372381e+02
-3.668442368181897564e+02
-1.214772429643980303e+02
-1.767791214889856235e+02
-2.630690258565599038e+02
-3.345356854592684499e+02
-1.953678590748577619e+02
-3.400669879046627671e+02
-1.714074905634550134e+02
-2.269424793887128828e+02
-2.459800340849381826e+02
-1.135056145445297631e+02
-1.634982589903915482e+02
-1.916446358936191245e+02
-3.766860599531977982e+02
-1.181398893092058699e+02
-1.550549018530313958e+02
-1.181305217064921180e+02
-2.444775877888494335e+02
-2.297292958312365840e+02
-3.583771224330191671e+02
-2.039835566270076868e+02
1.252497394076701909e+01
-1.691676474145805571e+02
-2.645197783640293210e+02
-1.901291233203971274e+02
1.957577591997061717e+00
1.255554314356365353e+01
-1.265553328056680300e+02
-1.818055415266921386e+02
-2.911958135528672074e+02
-2.742333357292329197e+02
-9.732727889806838562e+01
-2.379752951277282307e+02
-1.553703234786586762e+01
-1.886648509970182772e+02
-2.421582733721600675e+02
1.251797508456488117e+01
-6.917253837542980932e+01
1.252395234578234451e+01
-1.709551956957062089e+02
-2.143515448794257452e+02
-3.294182068244928132e+02
-2.417264258176321334e+01
-2.719115313661675941e+02
1.231505645452200959e+01
3.288987967785754307e+00
1.242029681742970304e+01
-8.814235230651728870e+00
1.256336390808863968e+01
-2.222636831886516404e+02
1.250546627255914345e+01
-9.971724016345658015e+01
-2.000776544851368612e+02
-6.422270185418948074e+01
-1.800073229774082790e+02
1.254691513636675815e+01
-2.915252701280553538e+02
1.186908790793917667e+01
-1.045591524900854949e+02
-1.325409591429776697e+02
1.139570810182135929e+01
-5.652785408528470157e+01
-3.574238430019822488e+01
1.192197325429284582e+01
-3.062318824879987744e+00
1.203758426840948736e+01
-7.359080998222470527e+00
-1.375305470113335957e+02
1.248229419313070920e+01
1.249617828668501041e+01
1.149927613618271849e+01
1.254508475479260987e+01
1.098849143156114927e+01
1.062499672234705628e+01
1.014790188979015895e+01
1.227047464886577011e+01
5.797393995648043585e+00
1.078707826111015677e+01
1.774010949918574553e+00
1.207257857737255513e+01
1.166803269001256638e+01
-1.419579856324723721e+02
-2.736385242276675456e-01
1.240646226828986798e+01
8.495332656886830591e+00
1.222988868347776048e+01
1.164427775921503994e+01
-4.388694937606616975e+01
8.600138143136238256e+00
9.197364955842378009e+00
4.075966187179687950e+00
-2.166903456089819358e+01
1.250414876489075766e+01
5.636236982034525056e+00
1.257846988213196937e+01
1.213187106753044731e+01
1.238851688680681029e+01
1.248146344834886712e+01
-6.917571928981057994e+00
1.251608497481318949e+01
1.242976326365472417e+01
8.253265624443905324e+00
1.256024282736475328e+01
9.639327814592242305e-01
1.033487132071394043e+01
1.250450443261469147e+01
1.111374175654700558e+01
1.251682532157466632e+01
9.463734126019375026e+00
1.920779995608210555e+00
8.187012620055526213e+00
9.760771259598971739e+00
