-3.422464702586852923e+02
-7.376301672426744460e+01
-3.961742623527171077e+02
-2.213422121180967110e+02
-3.055782624886489884e+02
-2.264112385004262364e+02
-2.805617673302710386e+02
-2.323554280266834837e+02
-1.277494717244205447e+02
1.255301038053060303e+01
4.390845003503162758e+00
-7.559208711660296842e+01
-1.267008575048881767e+02
-2.271477786218607946e+02
-3.136152301801384965e+02
-2.585663937198880831e+02
-3.462480703335380099e+02
-1.429925421447420604e+02
-8.196781962617087913e+01
-1.726398149087530385e+02
-2.903860875470376754e+02
-1.018245114460698488e+02
-8.596811899585766525e+01
-2.150827952758748154e+02
-3.491688528711729589e+01
-2.891260154886965665e+02
-4.626393528944941380e+01
1.242891403949232298e+01
7.454778505394661359e+00
8.243200947903545739e+00
1.255285314581524503e+01
-5.833366989452635920e+01
-2.699549833863444093e+01
-7.800372005852672430e+00
-3.442071169818584053e+01
1.256422176608843699e+01
-2.815010044340251838e+01
-2.059204954559486396e+02
-2.857756033264869444e+01
1.088077261265632245e+01
9.228517855587277552e+00
1.253224097851510344e+01
1.089525710885355636e+01
6.762974040308092682e+00
-5.064705310659185500e+01
1.209919976210290926e+01
-1.293864484392316605e+01
7.500597145149629164e+00
-3.293042067545739826e+01
1.233200722143334005e+01
1.098070122712309526e+01
1.237347494366529688e+01
1.136378418431785775e+01
1.198558199169270289e+01
1.223824275596712496e+01
1.239879994110261840e+01
1.240820514227456606e+01
1.239341652904013635e+01
-2.373208488708514494e+02
4.103634761462766178e+00
1.253164739122573756e+01
7.436452515338114466e+00
1.206229197195970571e+01
1.056464330605700752e+01
1.105672726905867975e+01
1.215810910723791238e+01
1.151392319853957424e+01
8.668183327673716576e+00
5.121037307687704043e+00
1.242031452679201919e+01
1.241384344301622633e+01
1.250383241388883704e+01
9.026532047614351129e+00
4.694721662161317255e+00
-2.188249805416927245e+02
1.060465840523612968e+01
7.889794144457439984e+00
1.241948573329479188e+01
1.163710240643123583e+01
9.623478742121646334e+00
1.217997301137737765e+01
4.606852625030109394e+00
1.253835039267679718e+01
6.596786762112570202e+00
1.051172594064258803e+01
1.221410150351819901e+01
1.247911050749210560e+01
1.250317070859679802e+01
1.252561683461967057e+01
1.207303569486275308e+01
1.033491593785996265e+01
1.218881108223605025e+01
-4.357356761094479225e+00
1.185006326684667499e+01
-1.140439966609558198e+01
-7.921063945042714494e-01
9.724427786457640721e+00
1.055391423678812401e+01
5.402816750484280561e+00
9.056630357492032601e-01
1.253618143236332116e+01
6.568623521503090146e+00
1.138073850725098346e+01
-1.322931329933007305e+01
4.530753956359296453e+00
1.214016867242826692e+01
1.089308410911703362e+01
9.545660929130615813e+00
5.455539184550325160e+00
1.237849745702744286e+01
1.219566376157155396e+01
1.022450055178545902e+01
1.005813345912468648e+01
5.336839478413141435e+00
1.249451933364323963e+01
9.257687630282703140e+00
6.582590392039545435e+00
9.036495344517573969e+00
1.253633820148002620e+01
1.239455789080480663e+01
