-7.878404121077409172e+01
-2.515545478494784390e+02
1.238795942628910396e+01
7.622189107267672625e+00
1.246498904351036074e+01
-8.088632262581181465e+01
-1.905833364877308043e+02
-6.926834584604802103e+01
-8.241358898100131114e+01
-2.371539204901243636e+02
-1.087888850957089062e+02
-2.657444647475743977e+02
-4.268692697514430847e+02
1.255000563187625140e+01
1.232750054177347465e+01
-2.911150916743343942e+02
-1.677238307443417114e+02
-8.100258514333476967e+01
-2.725775300478459826e+02
-2.887955779152795230e+02
1.237897281753502199e+01
1.258120955145173347e+01
-8.881596368225264371e+01
-8.624043690513708782e+01
-1.502525095356486418e+02
-1.826492440029432203e+02
1.256637559470163090e+01
-1.794503236342203252e+02
-2.039875695951016326e+02
-1.928123535135980831e+02
-2.151544387771233175e+02
-8.148337573599697237e+01
-2.239473461677785338e+02
-1.139894431766393978e+02
-1.066443250694678966e+02
-8.354963331150132433e+01
1.250827123423113285e+01
-1.246065388081071887e+02
-1.682083802257891989e+02
-1.154807707073943277e+02
1.255826074384228974e+01
-4.552319966905952953e+01
-1.044707652532973796e+01
-8.150711090971570627e+01
-3.786371245572679101e+01
1.218608401993218848e+01
-1.268184836809282103e+02
-1.817422847321374491e+01
-1.745566025947167645e+02
-3.603707694488176827e+01
-2.073895485820113649e+01
1.712896314376727958e+00
1.039527752247544612e+01
1.254950330415031345e+01
-7.601404209690169722e+00
3.951569764452729672e+00
-2.399589441330050477e+00
7.431453231593602382e+00
-1.619996580112928370e+02
1.218450618886036985e+01
-1.512767119014503407e+02
-3.746031832724181498e+01
7.029860068127584682e+00
6.305413252961885817e+00
1.208691760393613102e+01
9.905819444061981116e+00
1.093244934313489836e+01
4.888786374034836513e+00
6.988061541320192305e+00
1.255294849060407003e+01
8.824289294038605291e+00
-1.845792801189565679e+01
9.356852041253517882e+00
8.836876660152993779e+00
1.186721870594617556e+01
-1.322770249569892087e+02
1.165375835703791196e+01
7.769013670566372376e+00
6.578514156368521881e+00
4.942041893025150401e+00
-1.189506886102908467e+01
1.083119379242212688e+01
1.209722644173182005e+01
4.927951365318739008e+00
6.901286217746726237e+00
-1.334332080790916919e+01
-8.273784979315017551e-01
6.495822325155486965e-01
1.310575958303539679e+00
-1.876242113672169864e+01
1.154517125804867206e+01
1.215220131913318014e+01
-8.492612079427576077e+01
1.063837441786120763e+01
1.251599028855940432e+01
1.761293203730996737e+00
1.203133700013689023e+01
9.966803872925844132e+00
8.647629873608760676e+00
1.210601663839683795e+01
1.122545729679228010e+01
1.247977640040710412e+01
9.300760960440198843e+00
1.113542690649964229e+01
1.193739827619549310e+01
1.049195834744557310e+01
1.192952895844181960e+01
5.461585597858141128e+00
1.198740981002610262e+01
1.169810069229458982e+01
4.339082375776701639e+00
1.231211309761014583e+01
1.006251877107355597e+01
1.113381376485196839e+01
1.241147583169956903e+01
8.340670093418546927e+00
1.064973167777167617e+01
7.498086026706390683e+00
1.251745721142569145e+01
1.080639523048268380e+01
