-2.336597301316950848e+02
-2.106452716874443638e+02
-2.998239388440055677e+02
-1.855525849075932854e+02
-3.161546054596786348e+02
-1.005352900824297393e+02
-1.580841079887997296e+02
-3.292185883705199672e+02
-1.093910318932205712e+02
-1.452458420286429259e+02
-1.313642392090644080e+02
-1.563096157889086726e+02
-1.155132791412953424e+02
1.249781774663512124e+01
-8.037407953069704547e+01
-3.243739358076906001e+02
-2.423644351525615548e+02
-7.176368110089576646e+01
1.169791788288891432e+01
-3.117417690856538002e+02
-1.916806148577154829e+02
-2.640313726993081787e+02
-2.506933011181722293e+02
-7.876451532838281366e+01
-1.367630203646712346e+02
1.257217702842202023e+01
-9.526348375943197766e+01
-9.522605287812579888e+01
-9.789430780491754547e+01
-9.431380688430249393e+01
-6.672356079587767397e+01
-1.418693112323027208e+02
-1.792095094591847442e+02
1.257801004442950976e+01
-1.965173262292814513e+02
-3.803998413215207961e+02
-7.266753530650706239e+01
-6.723097729612140938e+01
-1.176385607978653667e+02
-1.323234981498358991e+02
-1.156383484401907396e+02
-1.246353399305364746e+02
-1.662788773129024662e+02
1.221680854994595578e+01
6.859596563732374364e+00
-1.740093480237915458e+02
-1.742668097445526882e+02
1.097114843357836023e+01
-1.075431003987711733e+02
1.246545701068383138e+01
1.218880700518860749e+01
-1.200338447422133612e+02
-1.855899584972828791e+02
-3.574445706690259499e+02
-3.019306621126911523e+02
-3.563870962055016776e+02
-2.828597233281312811e+02
-1.852664930324593513e+02
-2.209211336438142439e+02
-3.312988085956777695e+02
-3.217709943515225746e+02
-4.048131908489587545e+02
-6.846922066816797781e+01
-8.327226409198364365e+01
-7.726447791521900399e+01
-1.683634847944749424e+02
-8.961607566232792976e+01
-2.382713759802986431e+02
-2.805436887441783824e+02
-3.076304091131246423e+02
1.227501736788906683e+01
-2.181932272564498874e+02
-3.460871864430092728e+02
1.239253257344443604e+01
-3.308970795072743840e+02
-8.980551325331198598e+00
-1.149956371508429385e+02
-1.032405610907109832e+02
-2.237608757314078787e+02
-1.310579008236534548e+02
-9.357090289667496563e+00
-1.166121494052371759e+02
-1.494023745438365154e+02
-6.433963449128332002e+01
-5.767946677086867879e+01
1.255602409831021049e+01
-2.689641688468336156e+01
1.227553913635371785e+01
-4.181336344449163533e+01
-5.098189801608700833e+01
-3.394183810503056975e+01
-3.153344017972752766e+00
1.236094085045591129e+01
3.149873250063865981e+00
1.240422950794577872e+01
1.256318760354495190e+01
7.687271934346487257e+00
3.830840347125379353e+00
1.250239803603425770e+01
8.791452625144795974e+00
1.216127944461152666e+01
1.364844846926382971e+00
4.687934171189883870e+00
1.255787444529789276e+01
-5.985606754442493127e+00
7.661082962016958930e+00
1.240679449933107747e+01
1.233407699720080153e+01
9.651615693964803455e-01
3.370433814765355862e+00
-7.418628797209191106e+00
9.939489695339169373e+00
1.253245148412982424e+01
1.083360809308934236e+01
7.730500079098988842e+00
