-1.804546216612440332e+02
-1.580751231073705867e+02
-1.327365345038221562e+02
-3.576203569763395080e+02
-2.703688121860947149e+02
-1.224808284834433891e+02
-2.974542193868863365e+02
-8.695929564886445462e+01
-1.075317170912857634e+01
-1.174296130788653727e+02
-1.110882299727058751e+02
-3.866396168440835481e+02
-1.715167465027250273e+02
-4.997576963557918361e+02
-1.282716334614267453e+02
1.207333475118323918e+01
-2.445570264481526976e+02
-1.121391068880010948e+02
-6.318022059831896087e+01
-6.331745628389040803e+01
-1.469835768647706686e+02
-1.039466592146047219e+02
-6.101492581850965990e+01
1.233020634979983576e+01
1.236671830895936885e+01
-5.853629206775507043e+01
1.252997603430426388e+01
-1.362779483020231908e+02
-8.386437562814234070e+01
-1.045574732518728922e+02
-4.999522597349982078e+01
-2.024640794323790516e+00
-9.101964125438112063e+00
9.521465919480405660e+00
1.238910857455928571e+01
-1.201067462244396822e+01
6.288458943034052950e+00
7.882169560775401429e+00
1.245215608451544753e+01
-2.309040779923183351e+00
1.241234154074171947e+01
9.054360803505808519e+00
6.686313694041023936e+00
-1.379735373841694823e+01
7.822652181513146452e+00
1.249750027782891415e+01
1.242077826634026394e+01
1.208725685397326544e+01
1.221361064022277709e+01
1.178546588941206608e+01
1.089830131169203753e+01
1.180382479792104355e+01
-8.030114069790344900e+01
7.525863292961282092e+00
6.828479505399979388e+00
1.118491539045107785e+01
9.042957274164795223e+00
1.037545381777239228e+01
1.241173814954446719e+01
5.589601744285758400e+00
-1.179034053372179898e+02
-2.387077660653783795e+00
1.237631457781932554e+01
1.181905929656429777e+01
9.920836925420195129e+00
1.190749370810543795e+01
1.256811633648369053e+01
1.257431173288820325e+01
-3.067293208932013471e+01
9.767055460834068725e+00
1.214170935830946085e+01
1.152475421340114536e+01
1.220776990540659668e+01
1.245769619612666901e+01
1.115435001080602362e+01
1.133575138311827679e+01
1.222569165891795961e+01
8.149625702480491896e+00
-1.520524520850417716e+01
1.111822153233561927e+01
1.092037298176710003e+01
5.260560875093840849e+00
1.223589032959580791e+01
-2.683247898648338037e+02
9.288669797344795143e+00
1.207287254783091157e+01
1.172778142786938282e+01
1.240162328243632750e+01
7.739412210384127633e+00
1.246477473331222718e+01
1.240330863050512988e+01
7.548547003784464415e+00
-1.455317145592863959e+01
1.109886328696629043e+01
1.174537754195260852e+01
9.477241889610864334e+00
1.251504017832939297e+01
-4.469099619351084129e+00
1.219803808938880785e+01
1.099955271618363106e+01
1.050413507629299303e+01
9.786301844979794495e+00
1.182897260439556142e+01
1.245938678302761460e+01
9.538884591327370543e+00
9.886062309108256230e+00
6.897421876883894853e+00
6.671988160306401738e+00
1.246181326468133932e+01
1.059195631291650308e+01
1.198816824286181415e+01
7.187755588927362993e+00
2.821447696667398475e-01
7.851207420732623454e+00
1.220386794732452884e+01
1.255620478914571159e+01
9.394672859712471791e+00
1.065340405368132437e+01
3.100479243339959723e+00
-3.913290698523080380e+01
