-3.360667083201806236e+02
-3.977579796416851536e+02
-3.173685247326397416e+02
-3.116355396375758460e+02
-1.315011424508288655e+02
-2.819091044158159889e+02
-3.949435059102727905e+02
1.251974729075128678e+01
-2.642528684334318427e+02
-1.309304582970245292e+02
-2.660920013847771202e+02
1.250228617721718827e+01
-2.129017022369508254e+02
-1.727982324685883668e+02
-1.548301269871100772e+02
-8.416192396725124070e+01
-1.104664453278564054e+02
-1.221744844559307666e+02
-5.932608716027277040e+01
-4.872287742395717913e+01
1.253081181916589593e+01
-5.490195265295905358e+01
-3.161364896513322975e+00
1.247905350416551151e+01
-2.393715814603131946e+02
-7.722244412684653980e+01
3.825603230263597609e+00
1.250287871923179139e+01
1.250676693444704490e+01
-3.885593933418473966e+01
1.175207429746932242e+01
1.253796249718333122e+01
1.258456893438896529e+01
-8.113813729295385713e+01
1.231383176397226187e+01
1.249302640572279621e+01
1.182762891507238834e+01
1.246609622864463418e+01
1.150707174834895952e+01
1.251146586142949069e+01
8.990195253444156265e+00
1.026362996613464773e+01
8.861023132060786622e+00
9.500084842127851203e+00
1.255434973296945067e+01
7.197805432674715398e+00
1.119202468373089943e+01
1.239217682492162531e+01
-7.981074410788984608e+00
1.103000819692764800e+01
1.223102002862456672e+01
9.080220778988374875e+00
1.028231036103220930e+01
1.078268487746749926e+01
1.165508901903412387e+01
1.219995282978082685e+01
1.251790534881619976e+01
8.810472787659577421e+00
1.208206847186658273e+01
7.220687070038902533e-01
9.677536776491770354e+00
1.001631667289423788e+01
2.164120082413830914e+00
7.624449691292958242e+00
-4.908117953618436502e+01
1.244148664446444918e+01
7.965688972782976940e+00
8.097324731344791360e+00
8.339636532876326669e+00
1.010361276080715776e+01
1.098374578715146477e+01
3.625803147750463751e+00
9.313109041607052774e-01
1.254740232937809452e+01
1.098250373873678498e+01
1.137264325182001556e+01
6.772000142869968542e+00
-1.986641469636602153e+00
1.063336594665284451e+01
1.121327071417143628e+01
3.099244542530399826e+00
1.227237066111191233e+01
1.216843949798584035e+01
1.239106279429283575e+01
5.142460894915027225e+00
7.772770046998209281e+00
9.829747267847992021e+00
5.010880745700083239e+00
1.253408052119416816e+01
8.124052863397587032e+00
1.022594738651378066e+01
1.017579819401249352e+01
1.255642894086396488e+01
1.207878093576652567e+01
1.242687136788723024e+01
1.189997094132087874e+01
1.254920839841399882e+01
1.139786381377298063e+01
1.151113455025186738e+01
1.613411289632212586e+00
1.243986899801804036e+01
1.249038057073518537e+01
7.872156562167017313e+00
4.226035327902332384e+00
1.224187292781453706e+01
1.225909372838014022e+01
1.235509422598985552e+01
6.249373096613338063e+00
8.218058853176565037e+00
9.765429405350115388e+00
-1.918921860292260817e+01
-1.765308435149660582e+01
1.204528046741662095e+01
8.076819267186746032e+00
-5.142316060152925417e+00
1.237027585472363533e+01
1.175293242403645877e+01
-9.450862812812776070e+00
1.143308643256530921e+01
1.044649662351827146e+01
