-2.872112537511255255e+02
-2.534685396136258646e+02
-1.150533744072537701e+02
-1.303521493306432149e+02
-8.364967768329117348e+01
-1.378367062699350072e+02
-1.105291792544341831e+02
-9.247692410317269207e+01
-3.438507894885698306e+02
-2.429457392232313566e+02
-2.568984936358186246e+02
-2.435796270012100422e+02
-3.177533314184784672e+02
-1.868249832986253978e+02
-4.052362384977857346e+02
1.220153001340904630e+01
-1.314908125922647173e+02
-1.723859576137164993e+02
1.254672597013765767e+01
1.228425839798922325e+01
-2.076784498770150549e+02
-8.885862971675058475e+01
-1.909761066247840233e+02
-2.057495910832483048e+02
-3.208337179632040943e+02
-2.528971887716421918e+01
-2.318582625932432961e+02
-1.100319919570407308e+02
-1.311486061877960765e+02
-4.519928502871871956e+02
-1.153558706330427555e+02
1.247069337091292951e+01
1.255737400279268101e+01
-1.641438186913858388e+01
8.634107180818736182e+00
-1.639849012160665609e+01
-3.161921203050901568e+02
-4.163437226707156213e-01
-4.348358437175246394e+00
-1.146096783888644666e+00
-2.108204171564385376e+01
1.231514649966317165e+01
1.082795478622036711e+01
1.180721592680795062e+01
1.044347268973539045e+01
-2.086123664690616408e+02
-1.087934114337593172e+01
4.594125989740277305e+00
1.071972570738465436e+01
8.846995096838227823e+00
1.000704256078245713e+01
3.473180915043203143e+00
1.251402473795780068e+01
1.211856898997782217e+01
1.257929067572527515e+01
8.058514878038991469e+00
1.209964640500512090e+01
8.176071066678773036e+00
1.039354414440127528e+01
9.258292141333843261e+00
8.779820733525037113e+00
1.232991368475992466e+01
1.151167128140268048e+01
9.627387264643914477e+00
1.225354712277655800e+01
8.016824386939241265e+00
8.520208156635526109e+00
8.570984695783215201e+00
1.223397140916894976e+01
1.248748792564203747e+01
7.478555031780559581e+00
9.070609765266613778e+00
1.237578452407847607e+01
1.162574722850096443e+01
1.246675866529418819e+01
-1.406213809864213715e+02
1.180990531374605368e+01
9.231343100792351208e+00
8.494751683546327925e+00
1.112080055826755576e+01
1.253942063811801866e+01
1.100815053626527629e+01
1.253537644505932214e+01
1.248039183416153719e+01
1.227150088609866074e+01
4.019856002706720943e+00
1.138138673639045528e+01
1.245352344089969954e+01
1.244739937112275285e+01
1.244283287619744627e+01
1.045987696505958198e+01
1.250162998184937990e+01
1.205232205843363502e+01
1.244363229262231130e+01
1.208167314475710441e+01
1.240325450588914080e+01
1.257431918543912985e+01
1.227426494365475662e+01
1.198686934305819918e+01
1.236865893899434887e+01
1.188540554395384241e+01
1.244928484748623632e+01
5.743869593745024815e+00
1.141291577449243277e+01
1.238952221046055513e+01
1.152920864130643963e+01
1.241078434278121279e+01
1.082201363001660610e+01
1.107995778439255474e+01
1.143488897173005192e+01
1.100780095815937365e+01
1.254009804646946336e+01
1.192088675857061553e+01
8.223690907319614496e+00
1.248604886159779426e+01
9.911219015945251343e+00
1.013978235426005980e+01
