-1.587423167577266270e+02
-2.084558669527372388e+02
-3.353592590145893269e+02
-1.803575463731429522e+02
-7.975958743695716180e+01
-2.738464850044581453e+02
-1.998249119158923861e+02
-2.615618781116281752e+02
-2.253576034463135329e+02
-1.723424015781740763e+02
-1.054452979559743113e+02
-2.355140317295410739e+02
-1.873808292549691714e+02
-1.403459330516502632e+02
-2.781346016437574349e+02
-2.061526223256387311e+02
-1.228746092552213156e+02
-1.777536592607654313e+02
-1.884970237045421584e+02
-2.820338571762376318e+02
-8.945981395053070173e+01
-1.116455127097252671e+02
-1.667530365126061156e+02
-9.150551476194195288e+01
-1.657263731809228773e+02
-1.079589995729173211e+02
-4.308324723058839822e+02
-9.069173702273673143e+01
-8.549329234702707936e+01
1.257084862398640368e+01
1.233263994369202976e+01
-2.213514620328151636e+02
-1.395200533281473554e+02
-1.827882718890278397e+02
-1.217735306900081582e+00
-9.619810741199755455e+01
-1.208281810054937040e+02
1.247886703867453662e+01
1.231397989582389840e+01
1.255877833075720140e+01
-5.796219574916516137e+01
1.241874062181686078e+01
1.239447333747100899e+01
1.252350065366756482e+01
-1.005496212560364171e+02
8.866909432396040458e+00
1.239589915170624757e+01
1.249339190939609523e+01
-2.992256842081972579e+01
7.489859589213798685e+00
-1.026884824703444110e+00
1.257421022142459321e+01
1.256482647314729917e+01
1.239355014163526292e+01
1.256509911489303022e+01
1.253246191234751983e+01
1.219938411232673836e+01
-5.056767933902505519e+01
9.263087493351545021e+00
1.234752000136513495e+01
1.188191944787116583e+01
1.247238118678796148e+01
1.242206895829094293e+01
1.255215653895152705e+01
1.247766292077991679e+01
-1.002171237308573026e+01
1.193682131951227987e+01
9.991531114352351750e+00
6.835978897141254507e+00
9.845536634814529009e+00
1.158384747200287279e+01
-1.039347594167255977e+02
1.242055275564507433e+01
1.210911207308836524e+01
1.223630645097658842e+01
7.727727994473831075e+00
-2.149776256103941421e+02
-1.079689789676350671e+02
1.250061648360238920e+01
1.241197794123740294e+01
8.767350886130818921e+00
1.231808314263605553e+01
1.254572292976962977e+01
1.181308184688821683e+01
1.204813957969130200e+01
5.399831369554805249e+00
4.100712019360171823e+00
6.694100488944725313e+00
1.236434463960674890e+01
1.242030823304758869e+01
1.156248320538625052e+01
1.079883535016478113e+01
1.081634803890737473e+01
9.374137110092167546e+00
1.251053011265422299e+01
9.503026831754159076e+00
-3.408621681692721950e+00
1.179607740613969824e+01
1.193673452817051128e+01
1.048323397054444328e+01
1.132057992150651060e+01
1.181118914594474134e+01
1.233245367022471584e+01
1.132432749377366399e+01
1.078918406012678055e+01
9.612647597550200373e+00
1.250808321863438266e+01
1.255917770180166393e+01
7.454645090527420415e+00
1.146586442899181257e+01
1.257307273048215102e+01
1.144666203798607818e+01
1.048167396311233368e+01
1.179729066434531859e+01
1.032184809962931027e+01
5.345680279822955683e+00
7.217407268764689299e+00
1.120607771015163223e+01
1.078908669195924119e+01
1.110442700986337528e+01
