-1.329611135213747843e+02
-1.540196741781998639e+02
-8.393754897763021461e+01
-2.920505292397697872e+02
-2.105061376830740301e+02
-8.565893523430342782e+01
-3.209104421495187012e+02
1.257173674724083057e+01
1.244863966858082982e+01
-8.664140785082321372e+01
-1.858388381884764158e+02
-7.386384469919210005e+01
1.238193806592096990e+01
1.238894604504995556e+01
-3.841443525232463685e+02
-8.514625451625528285e+01
-3.396259578357098690e+02
-1.391867293862196675e+02
1.246121048012387611e+01
-2.432714279338486278e+02
1.252958418473535751e+01
-9.552559687974276414e+01
-1.753334867297748474e+02
-1.164752009252284921e+02
-1.405885702077225687e+02
-1.236765558312921343e+02
-1.911271588827726760e+02
-1.990038731470249616e+02
-9.133647894659976885e+01
-1.143264366381517476e+02
-2.636734104567342456e+02
-7.207941628495242981e+01
-7.012935818227444429e+01
1.234279254003818060e+01
-1.281501576700306373e+02
-1.024778602590285104e+01
-1.539522493894246793e+02
1.238605842176623995e+01
-1.027837927608317159e+02
-1.030960759264832234e+02
-5.210703500343910832e+01
-4.783203137530818339e+01
-5.734509574657565878e+01
1.254957785570977080e+01
-9.186887966648225046e+00
-3.828666329348438069e+01
-3.868093442196234832e+01
-2.962129772427604024e+01
-1.574908164190977189e+01
-4.609909064663888500e+00
-2.052097760093277401e+01
-1.837182842207585054e+01
-2.683210168733886576e+02
7.792674118820631435e+00
1.228087072297516968e+01
1.221584421333892045e+01
1.440004537629494763e+00
1.216533057844271148e+01
4.885933804901103628e+00
1.010163165709495914e+01
1.118227210014742035e+01
4.387636883473078342e+00
1.226554945222622983e+01
1.000502348231734828e+01
1.250669544018612278e+01
9.081369943337140427e+00
1.223861990420817492e+01
8.923892033421690684e+00
1.249880895372723089e+01
-1.236447736393209738e+02
1.038063764799040101e+01
-5.358043514704064592e+00
1.226566626695704798e+01
1.257850190654479050e+01
1.166688377422770628e+01
1.185032093559692612e+01
1.146129715712853425e+01
1.084168783846848427e+01
1.089168550917113798e+01
9.953893972697866133e+00
7.742215023052682277e+00
1.204511321121824352e+01
1.161063998597242630e+01
1.240058308766969830e+01
1.232202472664522119e+01
1.208400155358705597e+01
9.976449277971390472e+00
6.888128545002741632e+00
1.250389391413801121e+01
1.248753258732531890e+01
1.254846286742867356e+01
1.180944317519933584e+01
1.165805770762978000e+01
1.235309774372434077e+01
1.237046665076745455e+01
1.237275493409221028e+01
1.062143084818412575e+01
1.248298507988585015e+01
1.183717647405346440e+01
1.125371577782244081e+01
1.153674286599517096e+01
1.177456308564316778e+01
-1.306198520170127608e+00
1.114523593366462961e+01
1.184782033976725657e+01
1.207796559143448256e+01
6.383257942626688219e+00
1.145930848993124940e+01
1.210916622181911784e+01
1.228657986773972510e+01
1.193154370443562229e+01
1.256493810370774611e+01
1.073056827791877410e+01
1.244958053042007862e+01
1.210840847410021226e+01
1.187280410162036226e+01
1.183212792565142024e+01
1.248566368432113904e+01
-1.377704649713163576e+02
1.055908673807134512e+01
