-2.639847557112531149e+02
-1.696492224605167962e+02
-1.481181515483591227e+02
-2.337237875036117316e+02
1.241703855166014492e+01
-9.396602449177495942e+01
-8.648912030651884209e+01
-3.566275865987684028e+02
-4.583833433290326980e+02
-4.103884575281946354e+02
-2.206611535285961452e+02
-3.998315519342282869e+02
-2.122494951992620997e+02
-2.232203435836564154e+02
-8.803436209610153185e+01
1.256019405265796784e+01
-2.395124080517275615e+02
1.257768740984183609e+01
-1.359236061593426825e+02
1.254641103057406326e+01
-2.337808037969814166e+02
-4.074227529476264635e+02
-4.050443604772261779e+02
-2.172019937211558727e+00
-1.441674515562136492e+02
-2.029432868242967061e+02
-1.608034051139563871e+02
1.238974752008608426e+01
-1.161359392455789958e+02
-6.458607191711223550e+01
-1.600270761580711110e+02
-1.102685586027424733e+02
4.599773572093079466e+00
-8.240219974567462913e+00
-1.464557837609574733e+02
-2.403016162459735767e+02
-1.894685309897074887e+01
-2.279000418057317034e+01
9.673025788309782769e+00
-4.345726604564904250e+01
-7.501700595669409211e+01
4.655399925053327337e-01
-3.786079535771774118e+01
-3.752189886359924031e+01
-1.827304679829238978e+02
1.230850323323718776e+01
-9.311118680340946696e+00
-2.309289656530642674e+02
7.164726254770271474e+00
-4.253785602938634725e+00
6.287895109934561688e+00
9.997535915117403249e+00
4.144139335912852218e+00
-2.877701196914304305e+01
4.373174112910984235e+00
1.097670734906583334e+01
1.011295374001384140e+01
2.140710418811284654e+00
8.219222577836209354e+00
4.065757353278304009e+00
1.217449746242067654e+01
8.685171217625153872e+00
4.977789522836584268e-01
-2.400063037219010909e+01
-2.713660209296987773e+02
1.231931464580024560e+01
-2.285479902656327340e+02
6.692806581000935395e+00
1.210802323272024594e+01
-1.492826957146983702e+01
1.048683747368878727e+01
1.233953990583713178e+01
1.141614824649253279e+01
9.183153380534417209e+00
1.212745196921389024e+01
3.823796107950645506e+00
1.257115664791071907e+01
1.215614463593664851e+01
7.888689819541154336e+00
9.613497395821362090e+00
1.054655819610239220e+01
1.221249080257980779e+01
9.631327635059218295e+00
7.906102326478340103e+00
1.146357836839194633e+01
1.248566546101698194e+01
1.235061332893453567e+01
1.161457110564192341e+01
1.254684402594052095e+01
1.256343802579206148e+01
1.069675120270001401e+01
1.126842068768666749e+01
1.231238035812199350e+01
1.244610632975259890e+01
1.256460529283625860e+01
5.961492714488025868e+00
-6.954956130489204469e+00
1.217428298205689252e+01
1.211510230440784674e+01
1.255668185973416584e+01
5.736686580916838807e-01
-2.680480247016390649e+02
7.704441373744286281e+00
1.257026488291322153e+01
1.232007705770117667e+01
1.253502916400416467e+01
1.197056244222919474e+01
1.121235606759567105e+01
1.178819017034922112e+01
1.044189153325318919e+01
1.183742026626500454e+01
1.225294624007595878e+01
1.201066055948965960e+01
1.218674123281153676e+01
1.106961886438218556e+01
4.586085017163158639e+00
1.043527058630020399e+01
9.918288884681286888e+00
8.608507978923093162e+00
1.226456811496135479e+01
