-2.730193721129255664e+02
-1.089038604077106669e+02
-8.924502051120886392e+01
-3.040957499755003823e+02
-2.108636533595622495e+02
-1.637663248721038940e+02
-9.080824295888886866e+01
-3.667729119153065653e+02
-3.177523218143671215e+02
-1.350676942670250753e+02
-1.726433557825109801e+02
-7.749949126547892320e+01
-1.989683422420231693e+02
-1.904089156903582136e+02
-2.398096324991434756e+02
-2.004882833112068852e+02
-1.231631764501863131e+02
-1.638851614963133443e+02
1.210024492227334925e+01
-9.982422313242044254e+01
-3.001572865250589928e+01
-1.246630925693973637e+02
-7.987044409675651480e+01
-7.085251577268867607e+01
1.253246276217555177e+01
-1.845872826380049787e+02
-6.937133424119391378e+00
-3.784034585383509608e+01
8.341442950095853348e+00
-3.125046261273049808e+01
1.210297055504130270e+01
-1.374187492330300842e+01
1.090502426102309741e+01
-9.172982135849476748e+00
-7.345997089959940496e+00
3.667473693263678669e+00
1.236033364301082393e+01
1.197396588234902737e+01
7.933394558259919016e+00
-1.962255719205349180e+01
1.163417766861959279e+01
-9.016148360506193171e-02
5.247032724341021748e+00
1.104640098595322684e+01
3.482225139368241074e+00
1.254373269344300468e+01
6.310275822894571007e-01
1.243143416290650727e+01
1.251662808124291715e+01
1.252391155477305595e+01
1.256525896993307434e+01
1.199819860776397640e+01
1.254441542293414713e+01
1.193123870568101275e+01
1.049542537837346856e+01
1.047720027631250517e+01
1.211692168073128251e+01
1.034262830595844562e+01
1.185404585699106761e+01
1.248959545576235186e+01
1.220854471120232887e+01
1.215181159311143588e+01
9.777285012381497609e+00
9.492476811876873199e+00
1.187393320742436487e+01
1.181464167349376737e+01
1.246619243962056700e+01
1.198059299352336815e+01
1.227718183969211907e+01
1.085904727859580987e+01
1.163711648419208444e+01
1.147212828949318109e+01
1.012488463139828809e+01
4.533911399403443454e+00
1.194380048504729075e+01
1.257388436475915938e+01
1.249555731387960833e+01
1.139117194962328483e+01
1.236211560616906446e+01
1.232417129726100313e+01
1.147010183672493611e+01
1.252287471056492763e+01
1.227814043472367445e+01
1.234864652837705457e+01
1.242589895466974603e+01
1.232214523848899113e+01
1.251085814513377770e+01
1.244923072211316395e+01
1.163862792273785551e+01
1.248294053436574558e+01
1.228572558479842769e+01
1.161855089126036766e+01
1.223234704097288805e+01
9.899999102513202587e+00
1.114947166048285787e+01
1.246554650943217979e+01
1.251540895837677425e+01
9.017150333969595977e+00
1.203015555964708483e+01
1.168115900018860032e+01
1.248827856846971329e+01
1.026750437600215093e+01
1.205629163389349401e+01
9.705723429969523863e+00
7.978740087765041622e+00
-2.568935912672037603e+02
8.027452076028955830e+00
1.002202401550959721e+01
8.605990214633141733e+00
1.190322037445515235e+01
1.245057619438255614e+01
1.211394843902703222e+01
1.243107894494748145e+01
-1.581346980549533043e+01
5.797623725962262498e+00
1.208969822259899374e+01
1.172532216524372650e+01
1.250322111702988614e+01
1.043627730302744538e+01
7.351336175304666654e+00
