-2.203331913222525600e+02
-2.963039495331005924e+02
-1.952905696126436510e+02
-1.274683096305760870e+02
-9.153576772777390147e+01
1.219963357138578885e+01
-7.912485372450150578e+01
-9.496648492093586924e+01
-2.343520678406054003e+02
-1.036601931208018783e+02
-7.822754917935300512e+01
-1.390864884130195378e+02
-9.896390125803777948e+01
-1.252292795157869421e+02
-1.729353990976989905e+02
1.244266346821562763e+01
-9.142493918910486173e+01
-1.710060192551900400e+02
-2.466737477254384601e+02
1.228859827116218995e+01
1.234547585660572366e+01
-7.919663971987988305e+01
1.236281824555670994e+01
1.251325639704236181e+01
2.631024751559323249e+00
-4.214871805195789989e+01
1.220178231581780537e+01
-1.333697996558495902e+02
-9.981910255114912900e+01
-9.015251005171724330e+01
1.247790734730786255e+01
-8.946585079180255917e+00
1.202974477852635360e+01
1.227043875150759966e+01
-2.422325609049175057e+02
1.127312454426431110e+01
-1.230000533529707525e+02
1.254125320650271647e+01
1.236390974314190316e+01
-6.528677413526150985e+01
1.240165354038910550e+01
1.240897167473637985e+01
1.244694092097781990e+01
-7.149075934668051957e+01
7.191202625106806856e+00
1.098551530119656405e+01
1.148230318930278138e+01
5.927030760858787772e+00
1.214642215299884320e+01
1.138110263677957867e+01
1.238640721910250164e+01
1.255881445054971302e+01
1.215153092365179077e+01
1.243820060837111896e+01
1.250586204573799520e+01
1.255557722263968934e+01
1.185497995562756302e+01
1.021761548244073481e+01
-1.030389044466465549e+02
7.357720084302659558e+00
1.197985301178211159e+01
1.230457393319339943e+01
2.562883195216013377e+00
-5.326002428700764568e-01
9.705309173567206571e+00
9.815099266779512277e+00
9.386189781733182969e+00
1.251862390399451108e+01
1.120575955699225901e+01
6.125648857473406039e+00
1.030679930103301523e+01
1.160962639612420411e+01
1.254646665161099683e+01
1.249217196147216669e+01
-8.270251031247316575e+01
1.213406844481897018e+01
1.168757623711623239e+01
1.256224611689812143e+01
1.253240911787928979e+01
1.099323398054543333e+01
1.245480249210054779e+01
1.221149654598009704e+01
1.235966087894648702e+01
1.256443282804910666e+01
1.150817843246581873e+01
1.207064906615794619e+01
1.225972572682277928e+01
1.020920143815834358e+01
1.189018002691380005e+01
1.211445731545035898e+01
1.247612491554045278e+01
1.100511175611801207e+01
1.244719010675230564e+01
1.164717055190150141e+01
1.129264123083684801e+01
1.222022548089268490e+01
1.229869480726235054e+01
1.175180700363365460e+01
1.236331150013825919e+01
-4.162712389481490760e+01
9.083993595190658965e+00
1.227280275206534554e+01
1.092748507252013823e+01
1.230239556067177098e+01
1.144573624408856105e+01
1.203919813068970868e+01
1.122644309262619444e+01
1.201638283172116317e+01
1.236112410355228874e+01
1.255346705536584295e+01
-4.402806833805897213e+01
1.189210459696985467e+01
1.215087956708406658e+01
7.675760530941881932e+00
1.249075795180154813e+01
1.178218465101728363e+01
1.236737717189619445e+01
-1.554784047789077874e+02
1.202600935017765060e+01
1.100028352026356870e+01
1.094893132404091496e+01
1.207939716756752269e+01
-1.808446703225571923e+02
1.239087828582680650e+01
1.096607934768089621e+01
1.251582011008403938e+01
8.695023531990887733e+00
1.215304523674400272e+01
1.247009747025143511e+01
1.082337308246835406e+01
1.250192710358112258e+01
1.229749872980055336e+01
1.139778372055532607e+01
1.164032582578710873e+01
1.009132726728398133e+01
1.141603838519027647e+01
8.483964793595813347e+00
1.192708821766270866e+01
1.239877099196158383e+01
1.250967574900854196e+01
1.062193897699953560e+01
1.256464477337524954e+01
1.196652537587263154e+01
1.251840960236678235e+01
1.257377810181705868e+01
1.130732213263208052e+01
