-9.371784816887542036e+01
1.195662140377661231e+01
1.122242014672001531e+01
1.256896701413415407e+01
-1.504584053250625431e+01
-8.701324138205116299e+01
-1.966205568812170412e+01
-9.228006434934917479e+01
-7.586838389642772995e+01
-7.685484161284067284e+01
-8.102241050736884631e+01
-8.116121393166329767e+01
-9.565226252905216597e+01
-9.296095384185233002e+01
-8.193511158672703232e+01
-9.551476371879185479e+01
-8.361324492529999475e+01
1.254284590633166196e+01
-9.387441613905053828e+01
-3.164756938858084823e+02
-3.476390655334925555e+02
-9.505859024456681539e+01
-2.064923589824652197e+02
-1.474562355109058274e+02
-8.838573161455518346e+01
-4.340641971047380707e+02
-3.103953472189097056e+02
1.255387558654706837e+01
-1.188456805879497438e+02
-1.564179865607942759e+02
-1.640294474343582181e+02
-1.944024174542549588e+02
-1.402121456607479217e+02
-1.052536269499632198e+02
-6.363579520998079886e+01
-1.197677435336787539e+02
-9.331440681278692750e+01
-7.096932327080796910e+00
1.680489415613346083e+00
8.064023514341236876e+00
1.251074064212673242e+01
-4.537815793617918558e+01
-4.626049538568452135e+00
9.985849979540926569e+00
5.140195583372534571e+00
-6.009337073554915776e+01
8.472815159027401677e+00
1.681753549834803962e+00
2.997273070339666390e+00
-3.837333976410361203e+01
1.189317379403877162e+01
-1.102346543799171741e+00
1.247097151223481326e+01
1.166469528392724442e+01
1.219621402117018683e+01
-8.637029077572240965e+01
6.680281464156387017e+00
-5.702900224916266581e+00
-3.939591540477882745e+02
7.844642474735637805e+00
-1.513175181643092060e+00
-2.787753858489473657e+00
1.203244769256187574e+01
2.470107888040432798e+00
1.242042887574304544e+01
4.597827821371980761e+00
8.734005323926865572e-01
1.041620901320725245e+01
1.123375167125835361e+01
3.249935834300057280e-01
1.090411205437217923e+01
1.150206222526298916e+01
1.005541791327074819e+01
1.246244201555398412e+01
1.157134154177625973e+01
1.199378803063423149e+01
8.907412609054343733e+00
1.203233046525205019e+01
9.603549669224909380e+00
1.236880968500582156e+01
7.397469145271777791e-01
9.061761674642596631e+00
-1.728797211813128598e+01
1.175024065334508272e+01
1.177575853886918544e+01
-1.725037046647069872e+01
1.256330286843066624e+01
-2.525320644444102669e+01
8.986084323102186744e+00
1.222451367429014901e+01
9.824253947204848458e+00
1.065923971200954767e+01
-1.086068886314166946e+02
1.257462117038575400e+01
9.922807108125567765e+00
9.912957950076986435e+00
1.147401048338787533e+01
1.241242918900102232e+01
1.008092426876770276e+01
9.892202221823552577e+00
1.244268693889764243e+01
6.853951178118512289e+00
1.229464631049768286e+01
1.249463251596854896e+01
1.210020346887996823e+01
