-2.040479006609996020e+02
-1.933581935501176758e+02
-7.265404476897158759e+01
-7.563005827931409897e+01
-1.146915843662773540e+02
-1.517218358786693670e+02
-1.579995779618907648e+02
-1.836919512656837412e+02
-2.872015971357027979e+02
-1.706756340172055531e+01
1.255492144630964724e+01
-2.208736267620837452e+02
-1.892174396990025684e+02
1.177140611953212002e+01
-1.949293186490571088e+02
1.228631030286532066e+01
-2.406887324785619739e+02
-2.568186226101471448e+02
-3.370745622018895915e+02
-1.524286498831571066e+02
-1.503821397990338653e+02
1.005589059820950837e+01
-2.461441910629416441e+02
-2.335623911669640052e+02
-1.925832373280064189e+02
-1.620778288346563443e+02
-3.851869624099744271e+01
-1.662933684183581136e+02
-9.896276037234751755e+01
-2.546552280859160078e-01
7.547422980319903552e+00
6.383690628968853531e+00
1.098977371782483381e+01
-3.455265773044857269e+00
6.016439688949413167e+00
-1.130240138990050269e+02
-1.408238372886873790e+01
1.230780564892577011e+01
1.240237252046651228e+01
1.220384658991640237e+01
9.024467403419151879e+00
2.169069199292797734e+00
1.018358748304917860e+01
8.990275060120463735e+00
1.044125913805696726e+01
8.103374930937761178e+00
1.108328013907877363e+01
1.209096749977569552e+01
1.153783267017200131e+01
9.290151707871881825e+00
5.204088046910911203e+00
9.374003967157616302e+00
1.179328609751331314e+01
1.210108167157686765e+01
1.001034976212724281e+01
6.396606158807125908e+00
8.789855846078484802e+00
7.479961003294726574e+00
7.861058744183353930e+00
7.282522398061043845e+00
1.232457111133664540e+01
9.458552397240714171e+00
1.128162846937347830e+01
1.179313632194286043e+01
1.211339697223947809e+01
1.235535183305494655e+01
1.230946051235210703e+01
8.530477319794243840e+00
1.212639492120506546e+01
1.252889969767690381e+01
1.252552050953153540e+01
-2.044590821969227079e+01
1.161611879046136764e+01
-1.394554258263447721e+01
-9.578113062907991093e+01
7.842361496521276898e+00
1.195713426872570828e+01
1.244767339344190660e+01
1.222431790680897379e+01
1.236798606103761777e+01
1.040125151598217812e+01
1.114376317346480505e+01
1.257097916688412553e+01
1.232599088314955793e+01
1.244959654441703911e+01
1.250220923972526954e+01
1.236676682612874600e+01
1.115471515492553678e+01
1.253588082436892392e+01
9.618052326502535720e+00
6.613141095531833713e+00
1.237380119082189012e+01
1.257244484434473542e+01
1.058258797290051589e+01
1.198421723757323676e+01
1.072872125092552054e+01
1.222191886794846560e+01
1.208134949348990261e+01
4.589276338631000485e+00
1.154215587771567719e+01
3.657617840632681805e+00
1.251444070109346463e+01
1.256643574763910109e+01
9.973646022247232068e+00
5.199379501943251825e+00
1.945054194422221272e+00
1.232257272975685680e+01
1.230949565035476034e+01
1.130044090397631962e+01
1.240875543190906782e+01
1.220775885757651658e+01
1.239434528791888646e+01
1.192475535026218125e+01
1.244993691529279367e+01
6.513998892531352780e+00
6.054135720126080145e+00
8.995923453100262535e+00
5.161788507955135330e+00
9.063969367191257120e+00
1.134140321347004132e+01
