-1.911414337667829670e+02
-1.538695452947984279e+02
-1.467737911922925491e+02
-1.467213317291969190e+02
1.195883537683891973e+01
-1.543336898243837396e+01
-1.491107835395015115e+02
-1.313989051809941770e+02
-1.682340013222497817e+02
-1.247994933301085894e+02
-2.957664542022849901e+02
-2.250067693533687532e+02
-4.357731254466688142e+02
-3.090441336429620378e+02
-3.142878424208837487e+02
-2.783652141680067302e+02
-5.098061136271135041e+01
-5.867241462164619747e+01
-5.663023276597346012e+01
-8.741045616987351252e+01
-1.537117997754806709e+02
-1.672365964295785830e+02
-6.605102905161929527e+01
-4.620568555557191814e-01
-4.343552960861249090e+01
1.142200769118513826e+01
-1.755882570442138046e+01
-1.307415098963634037e+01
-9.368319558859223406e+00
-2.843153822530006991e+01
1.113538166767913218e+01
-3.773978388182695198e+01
-2.427072580809927160e+00
1.082878849382919029e+01
1.256212414926226195e+01
-7.669253662229213120e+00
1.253759099438866897e+01
1.103018936281458728e+01
1.249165044572287897e+01
-3.485534414735635522e+00
7.750254085458304409e+00
1.221092914658139961e+01
-8.124017534342560509e+01
1.229355501059787770e+01
1.233834861858825249e+01
1.229125780964805514e+01
1.108271687808060513e+01
-7.846616389959359594e+01
1.228828293814825834e+01
1.236843460312675269e+01
-7.464934380632179511e+01
1.253679391160640222e+01
1.233324049963287017e+01
1.079347011585245752e+01
1.248523286674162414e+01
1.236990074696459629e+01
-1.713292841186450630e+02
1.205814758895783179e+01
-1.746739691120482121e+02
1.158665894855683298e+01
1.248730671268032744e+01
1.164290832252604169e+01
1.060574829294277954e+01
1.219386734080704571e+01
2.607267306227427639e+00
1.046004756855624152e+01
9.750239860274019676e+00
1.223058050123992047e+01
1.023068308433283846e+01
1.059610219256872732e+01
9.923235129407943944e+00
1.172492512109941032e+01
5.316457606821437309e+00
1.046471223764931935e+01
1.086581109515259769e+01
1.138395620773590977e+01
1.233190739906490130e+01
1.102983731068166406e+01
1.070051133374935759e+01
8.842565004379649096e+00
7.152054459845514245e+00
1.110223412554966238e+01
8.908043574110966034e+00
1.203799084274824693e+01
1.245478454612718977e+01
1.096819509148152250e+01
1.038364807074886897e+01
1.142180613418556767e+01
1.053070279257697983e+01
1.234391784513039880e+01
7.765578576595292937e+00
8.135850405832952603e+00
9.256459713224387542e+00
1.254984995696298000e+01
1.082766542457126846e+01
1.246218637354891001e+01
1.081725655530895303e+01
9.399751960924170646e+00
8.147629583786763163e+00
1.139318882528185028e+01
1.159817296588535385e+01
1.242053468984745024e+01
1.224139510265596975e+01
-2.041058868173389484e+01
1.142365859100011072e+01
-8.459784942932770946e-01
1.160370533722462483e+01
3.927290047743904111e+00
9.892333018175509807e+00
1.210259485328887052e+01
1.224552480961953016e+01
1.249025825312888927e+01
1.202962034171203953e+01
1.111384260364544652e+01
1.232393851254623662e+01
1.088453052459217574e+01
1.196620676560562657e+01
1.063444821168914345e+01
1.223117561698725453e+01
1.124400952577734358e+01
