-9.772536442720833350e+01
-1.672570286417304999e+02
-1.455700350555245279e+02
-4.583391761158830491e+01
-1.815746667508065286e+02
-6.722078235677346925e+01
-4.102251428879061450e+02
-3.106935643801602396e+02
-3.467684803209747315e+02
-1.386897296127732488e+02
-2.598016229697433914e+02
-1.006208408661989040e+01
-1.292984635771181274e+02
-2.160569429823672465e+02
-1.067837266917922534e+02
-7.935987792600187163e+01
-9.280731076609511376e+01
-9.649713158190860440e+01
-8.813052982156713711e+01
-1.174693296930629884e+02
-7.099379591667087652e+01
-1.101660648946380405e+02
-8.879220789481156828e+01
1.243775261144635103e+01
2.694163816133468003e-01
-1.105320738397981728e+01
9.631368111095783391e+00
-1.054787993186276651e+01
1.198404719876799973e+01
-1.708093493902225646e+00
1.126413059623187607e+01
5.885237528435526499e+00
5.787011931886922866e+00
8.902375997817184583e+00
-3.401791344202064948e+01
1.194916277597546994e+01
1.224144745194458750e+01
9.356007769571764499e+00
7.154154782188063777e+00
1.249236053448420236e+01
9.024717987421814414e+00
1.256060364303326438e+01
1.245748102430982840e+01
1.187141111943229177e+01
1.240971980745199232e+01
-1.613931583344162846e+01
1.244461298538059779e+01
1.255728341461675512e+01
1.109091342895332488e+01
1.164774010213577426e+01
1.235753093523785928e+01
9.649309971030891830e+00
1.243838000045997205e+01
6.201381601314247760e+00
-8.046073945866179855e+00
8.236450198471825246e+00
1.160490328001928617e+01
5.941944304531862286e+00
1.211064899520114579e+01
7.675840971521019185e+00
6.197215319399321132e+00
1.252282198815547787e+01
6.737267195111529716e+00
1.178085749708072072e+01
1.251006043475709717e+01
1.042813217324639652e+01
-1.193391420013670938e+02
7.424994709884899180e+00
1.238522597203790809e+01
4.526458615540343899e+00
1.211874972408589635e+01
1.088491557583751224e+01
1.228869832955386343e+01
1.040296657895811805e+01
-8.668388438940193907e+01
1.241367376643296794e+01
9.951837885720493659e+00
8.484679447546838560e+00
1.222797192747513328e+01
1.245448109800982728e+01
1.117874881886161731e+01
1.087609773466845198e+01
8.400219513536011817e+00
1.215907022303388629e+01
1.239876228334069985e+01
1.170896731492070941e+01
1.197805365886024731e+01
8.142343100546359125e+00
1.225094428684397840e+01
1.251962681822948475e+01
1.219088732865109570e+01
8.705612771797987648e+00
1.113219156682922240e+01
1.241265194302511077e+01
1.251673813163772842e+01
1.254911548190383463e+01
1.195507036762528585e+01
1.227917672709711105e+01
1.143497945089374213e+01
1.247428656990532758e+01
1.078038877056403066e+01
1.209551422865611237e+01
5.595185261619127104e+00
7.289498690281351223e+00
1.202460697378719168e+01
1.029737954595949745e+01
1.235851477736475523e+01
1.070045796212648170e+01
1.166924308825793410e+01
1.034692382622268703e+01
1.030113212683410140e+01
1.225624955678165406e+01
1.017438780060776438e+01
8.429465212024037868e+00
1.248469425040011238e+01
1.229708365330712461e+01
1.133874383081406556e+01
1.247619727507529142e+01
5.552324102301680497e+00
8.868950470718841572e+00
