-1.399370469044659728e+02
-1.686272300354758045e+02
1.193424812372770738e+01
-1.048627953697026527e+02
-1.520326712511296989e+02
-1.790702017944707904e+02
-2.148260666528563547e+02
-7.652900983727876394e+01
-1.241079084760109339e+02
-1.344874899100363166e+02
-2.990826280750923161e+02
-1.655708093578498676e+02
-1.002505264524293125e+02
1.212719220583334412e+01
-1.054954393406363238e+02
-9.586131235246234894e+01
-8.465892695227822173e+01
1.248177284858804903e+01
-9.011791072481544518e+01
-8.547455713378721498e+01
1.251484387249742269e+01
-2.930314036273779834e+02
-2.186280536948682709e+02
-1.488422116585851711e+02
-9.237319526441036999e+01
-7.721439049219183914e+01
1.461172276158517747e+00
-1.228285654947208769e+02
-7.064934022292932525e+01
4.808636863918680504e+00
-2.919550339941304173e+01
-1.304943600250665980e+01
1.067747178215788573e+01
1.119141386731030607e+01
6.801704497126239701e+00
1.099741826676585887e+01
-3.880645887997623333e+01
6.609951680512573091e+00
-6.150237073652391473e-01
2.855885374828979195e-01
-2.711133542685826470e+01
1.157773670187634707e+01
1.193583949835321079e+01
1.003780533583211465e+01
-1.866574424559620127e+01
7.883383692396729536e+00
-2.921670200733306189e+00
1.073751243128628374e+01
1.177909707925877569e+01
6.940300293090382766e+00
1.146264858495558769e+01
1.234545817823040892e+01
1.255409502294126867e+01
1.091888279579168852e+01
1.005013316204612295e+01
1.089616868664782956e+01
1.124224870016936251e+01
3.932465181558827183e+00
1.141733113634892050e+00
1.249096334815556375e+01
5.802609458294318401e+00
9.893075356704109424e+00
9.694416386125197960e+00
7.417989008192973799e+00
7.660705998710884757e+00
1.178283945592934678e+01
1.165441528465498600e+01
1.018829278255870108e+01
1.014964366580904986e+01
1.152693375075669380e+01
1.124106100661871288e+01
1.219821959947350010e+01
1.228357967043771914e+01
1.176079345755058014e+01
4.731679175925771474e+00
1.254108822982337479e+01
9.585333881018229363e+00
1.098346873476045715e+01
1.100351284086763570e+01
7.820585261593631543e+00
8.537329225098778451e+00
8.237579793221708968e+00
7.687999759650191223e+00
1.174386749961789889e+01
1.206276586133515138e+01
1.214578248345329214e+01
1.240875571763498542e+01
9.216892952868018796e+00
1.253542828243650931e+01
1.198389407855419542e+01
1.185512335262728811e+01
1.216000931894186010e+01
6.332565280755984460e+00
1.132618057813148837e+01
1.127745845013156689e+01
9.935878542447994732e+00
1.063703719495262057e+01
6.339420736050982441e+00
1.136391694204047020e+01
1.252745736293260137e+01
9.878136307663542226e+00
8.574473390631808911e+00
1.170290388800068015e+01
1.172402139984185787e+01
1.231733024037463586e+01
8.707812284181590812e+00
1.143829430608748510e+01
1.172170852920132411e+01
1.172927234488799186e+01
8.534028420364318634e+00
1.256598330053944146e+01
1.145492300225921412e+01
1.226751045222127345e+01
9.702607852368654306e+00
1.255524448495662604e+01
1.125447648024631597e+01
1.197683964629786679e+01
1.245538753521520547e+01
1.246622264200115637e+01
1.196803756681607034e+01
1.249459080837093339e+01
1.125507976364088236e+01
1.244067392371747260e+01
1.188584450777157819e+01
8.378097043557509949e+00
1.022588565466331012e+01
1.099676095946823828e+01
9.430284496215708856e+00
