-1.937541765435975094e+02
-2.155982824629028016e+01
-1.739613197115391756e+02
-7.977586162206432618e+01
-1.111665826156971519e+02
1.252194757514041257e+01
-2.565103369399281519e+02
-1.270742459703827478e+02
-1.706493171305895942e+02
-1.058922415174980927e+02
-9.524383353616848069e+01
-8.592159380630174326e+01
-2.381624585691876348e+02
-1.254467337754509941e+02
-1.044052999685690963e+02
-9.757338739124051585e+01
-8.915962200851332398e+01
-1.386143745725719327e+02
-3.449195817081121618e+02
-2.115992570678795630e+02
-1.099162334829212284e+02
-2.053089558158093269e+02
-1.874104541090823943e+02
-1.826421319175833275e+02
-2.885466796738197104e+02
3.719556077505389524e+00
-4.061755550053135835e+02
1.243217646019073008e+01
1.256279939669854251e+01
-4.020063905465048038e+01
-7.320153178597813337e+01
1.246984293154467949e+01
-8.908783393889646618e+01
-3.006828702946190219e+02
-2.742612835006884779e+02
9.379975413177078281e+00
1.204816232111778973e+01
-1.744598834952730897e+02
6.797964012288074898e+00
-6.902226378479024049e+01
1.171563164119659284e+01
-7.658618483013792400e+01
8.379909411134200070e+00
1.253158908880597266e+01
-5.648685698917291376e+01
1.147704520375676829e+01
5.943650878393778925e+00
1.151738385119224262e+01
1.239813656683312892e+01
1.229371166925881198e+01
1.234188232461426615e+01
-4.950605623084145179e+01
7.042928754140076464e+00
1.235642644805071377e+01
1.226904815202066956e+01
-8.624006374528202912e+01
1.173011240796241594e+01
-1.898326694377595558e+01
1.252355259252050601e+01
-1.934790165076371409e+02
1.236406670297497357e+01
1.241025098586583830e+01
1.205196008972403199e+01
-1.859948979595486307e+01
1.076872495365647353e+01
8.487217783502542190e+00
3.354116677797247092e+00
1.242061554571140647e+01
1.245263985121071570e+01
1.228394189358497002e+01
1.227229975714061361e+01
1.099511662971307402e+01
1.915819076823948919e+00
1.211363922100276724e+01
1.257066954428694316e+01
1.176010023032115903e+01
1.140673935562235997e+01
1.106731135875994099e+01
1.254954708322377321e+01
1.253864806576397228e+01
1.229931739944009017e+01
-2.315186794567996031e+01
1.246085344823682206e+01
6.417080593940813316e+00
8.026946202870576030e+00
1.218064781771297689e+01
1.095698783175963342e+01
1.055440987331973446e+01
1.244277653786785187e+01
1.249500711832785882e+01
1.061391073268502083e+01
1.177471838605187493e+01
1.047454677989157190e+01
1.214921919626423730e+01
1.245708324404564316e+01
1.253966510806557366e+01
1.224729356798436974e+01
1.236866568389653587e+01
1.242456894826410974e+01
1.177899076678409962e+01
9.586299019599781701e+00
-2.200352167206295633e+02
1.159045455074040731e+01
1.192244907536782605e+01
1.124749644848337482e+01
1.177665463241496902e+01
1.256767775863806413e+01
1.255062039587917866e+01
1.160914664601345692e+01
1.236013934076859400e+01
1.224329165624521387e+01
1.201238310584437485e+01
1.190668485112507291e+01
1.195951443456414864e+01
1.060757863835358705e+01
1.065483069738248467e+01
1.257015120097385363e+01
