-3.808886007532857434e+02
-3.126341481964496438e+02
-2.581200547748293843e+02
-3.191694751783138599e+02
-2.167860046659249633e+02
-1.514520065897756353e+02
1.254987853137627241e+01
-2.432574728591507096e+02
-5.084636432041229455e+02
-4.833113328432790468e+02
-3.432525926724198939e+02
-2.497098627008433596e+02
-2.112901057103715061e+02
-1.775810622166290216e+02
-3.599066316880968657e+02
-1.813067504572157418e+02
-1.079700528637702917e+02
-9.891049206140274919e+01
-7.641437231544072972e+01
-4.735915604589163053e+00
1.237939919318091597e+01
1.244071347634811175e+01
-1.381225197454797922e+02
-1.831886466126249502e+02
-2.780785005354561008e+02
-6.298819429509175905e+01
3.406777848254010976e+00
-3.566758900198400539e+01
1.248151864005316014e+01
-3.264400207908668250e+01
1.255641562318665194e+01
-9.795920292564736087e+01
1.220712412499837463e+01
-1.945724200640516699e+02
-2.254905811728757925e+01
1.091974797539915443e+01
-1.661559644705536130e+02
1.247428356882454636e+01
-3.959664280181061002e+01
2.818482255382750878e+00
1.247045291778343312e+01
1.240743025726552062e+01
1.237276696579078106e+01
1.220967163112283771e+01
-1.983334562157321841e+02
1.057482214131704978e+01
1.249465557961242723e+01
1.138201938706825800e+01
5.781205311265203761e+00
6.628840704816953533e+00
1.252491964227412069e+01
1.246969267088626587e+01
9.989510741781607805e+00
1.191284232668950693e+01
-2.620330395483699704e+01
1.163392615294484145e+01
1.235398780622587012e+01
1.081162747600789942e+01
1.197491421353160490e+01
1.243449372231274097e+01
8.879047248474909892e+00
1.154407022220409829e+01
1.049919791633308819e+01
1.202335942148519443e+01
-1.273022599765838976e+02
1.119056604433118629e+01
1.254520196041620927e+01
8.992086617848073615e+00
-8.271019059926238981e-01
1.210711458494667170e+01
1.251553567723298599e+01
-8.942365554203540512e+01
1.043926770285104055e+01
1.034583155196581750e+01
1.196760352203598643e+01
1.052440075832365096e+01
-1.064309422467010933e+02
1.081914023700475092e+01
1.532582107492768131e+00
1.081514099959806963e+01
1.154209402522262629e+01
5.900857014215898033e+00
1.211899938209187155e+01
-2.334466509357326913e-01
9.774960068593017581e+00
1.143359502718419307e+01
9.023708876944183999e+00
-6.216334196903907241e+02
1.208806366676712329e+01
-1.050922537586808119e+02
1.196576045334767535e+01
1.169767195392040726e+01
9.186828782718329478e+00
1.244342045825580634e+01
1.036734639086316179e+01
1.230676566770624625e+01
-3.090336670178384537e+00
1.092956832938037870e+01
1.129748357976598427e+01
1.047272175917598958e+01
1.195396924929957905e+01
1.141946662925384004e+01
1.066201231564081198e+01
1.045971198448739514e+01
