-1.384744864748590771e+02
-3.579368948132309356e+02
-1.750293920805041807e+02
-1.689176303952664284e+02
1.251494801319499395e+01
1.257507348398094038e+01
-9.817871675157390143e+01
-2.618009333928141018e+02
1.249274540828922753e+01
-1.548470687390926059e+02
-8.051257386186061638e+01
-1.604488916389277620e+02
-1.629493840349119580e+02
-1.508053617896392495e+02
1.247336886591746818e+01
-1.326626303103460600e+02
1.190279260943130346e+01
-1.069536933059837480e+02
-1.162456167858349545e+02
1.114645562941310608e+01
-3.496939537868199182e+02
1.249945579364807458e+01
9.705534665215521883e+00
-9.591556315561889789e+01
-1.337238322281988303e+02
-5.218991334988092490e+01
1.255413798126187430e+01
-8.477171234145126277e+01
-1.793780202225254641e+02
-4.343400919874365229e+01
7.687145420427743403e+00
-4.945587327762915208e+00
-1.861873981465829075e+01
-3.059961821183760549e+02
-1.666210863005381100e+02
1.239904337137781098e+01
1.201546011499303823e+01
-5.431488833162564589e+00
1.153066201180114980e+01
1.207690669763603708e+01
9.699556023483108191e+00
9.139908601906419960e+00
1.182136764596705980e+01
7.910969433623034064e-01
1.062743737421608969e+01
9.416592156973365491e+00
1.218772720565550038e+01
1.214466419718156942e+01
1.214646777095515873e+01
1.253102625223116462e+01
1.048990178634230297e+01
1.233932526202484503e+01
1.107399871651253243e+01
1.257946274329161440e+01
1.109925251003770086e+01
1.038034002420484470e+01
1.119664685658518621e+01
1.224828656077880495e+01
-7.598906956527878265e+01
8.323455611647419872e+00
1.145176922221451221e+01
1.120450978683515153e+01
1.190478225990312744e+01
1.238049189673007788e+01
1.003007495892081380e+01
1.254449855472902975e+01
1.246028302387448683e+01
1.216181017221100369e+01
9.611833661808937279e+00
1.240630467288909067e+01
1.244672383349909062e+01
1.226648722626935140e+01
1.247444985657033101e+01
1.086975988482851996e+01
1.256589464110419385e+01
1.144368470164999252e+01
1.222784239643883630e+01
1.135243913842718300e+01
1.104321647733291378e+01
5.560058916291595210e+00
7.257183627309515828e+00
1.219646426667920736e+01
1.240235818269145263e+01
8.832949667601644350e+00
1.220827820131217933e+01
4.893889810632074955e-01
1.240705132750394313e+01
9.713496959952815146e+00
7.856044213398946319e+00
1.007166538840843728e+00
1.221195010952606808e+01
9.038185859601640004e+00
9.878432705474626374e+00
5.568822012375120423e+00
1.241566161246677424e+01
1.182191256749974784e+01
9.607902979257385567e+00
1.240026301171798195e+01
-3.221056881116393100e-01
6.573806022652602721e+00
1.249375574806505185e+01
9.173237968394733599e+00
8.618985620802018133e+00
1.236835027420033661e+01
1.072100309856845968e+01
1.228086723685603587e+01
1.170938266908433967e+01
8.649469179754511572e+00
1.252566878301671416e+01
4.720450056240926173e+00
1.233890792149127691e+01
6.160633271555914448e+00
1.151944167981451805e+01
1.141756215732481294e+01
1.000914308981894507e+01
1.076332851824802539e+01
-1.324409942540089524e+01
4.882913725630208646e+00
6.652382410381369127e+00
9.910944856934410296e+00
