-2.702061656316711264e+02
4.438236960870353798e+00
-1.096997002427692109e+02
-8.364048408848492500e+01
-2.210916674265560573e+02
1.254534974983273088e+01
-6.462617282604330740e+02
-2.621113099905073227e+02
-2.926689678372678145e+02
-7.796869577910860016e+01
-1.066945538646924660e+02
-1.108389724864141357e+02
-2.621840036449549984e+02
-2.205372910789336629e+02
-1.578358385802397947e+02
-6.524516683626909952e+00
-2.097261606891325982e+02
-1.657654833057256667e+02
-1.959266359513245845e+02
5.881896066578237381e+00
-2.478474347532587103e+02
1.195042025067731473e+01
-8.047075906276322144e+01
1.245762153143643403e+01
1.255678978824413150e+01
-9.537238969303471947e+01
-2.599303130335135847e+01
-1.909803920740348815e+02
1.256722296095018621e+01
1.257202892197795308e+01
1.166541576986614892e+01
1.212305450057994527e+01
1.228359968237653099e+01
1.217853421724502283e+01
-1.378191059585751788e+01
1.196999897542832691e+01
1.150613589926346236e+01
1.232906889897086167e+01
1.245572114132182229e+01
-1.566139871436418787e+02
-5.624572033167851259e+00
-4.734593937945987818e-01
-2.704086722034750778e+02
1.201914007214180558e+01
1.724366680395389650e+00
1.191823918065422205e+01
1.238751778643938195e+01
-3.025439126557617442e+02
1.225181945333076960e+01
1.229221457900095338e+01
7.258118027206328371e+00
1.235082810873760018e+01
1.253884914644291371e+01
1.119816571610627420e+01
8.723846863309251631e+00
1.218061513848011934e+01
1.206126539147094867e+01
7.223731586582335495e+00
1.229498001185514156e+01
1.228783722168205905e+01
1.210202659459752894e+01
1.226195371941671119e+01
8.423093337010707060e+00
1.239108185191249589e+01
1.078818976658010698e+01
6.021910950285274566e+00
3.077614848538603454e+00
6.412914842388575565e+00
1.177790859643227428e+01
1.244313119857718064e+01
1.155153445492569553e+01
4.704075840230251160e+00
1.012185304082555604e+01
6.804335718660752264e+00
1.245306961626369358e+01
-9.025791110350250790e+01
1.087363388132869702e+01
-1.669935053732138783e+02
-8.714412421035702039e+01
-2.481330568584461105e+01
1.255039588228113878e+01
8.492533255762054978e+00
-7.148049043878661735e+01
-3.913949942785855285e+00
-2.518913786483883044e+01
-1.590000994608926987e+02
-2.866978791235973745e+02
1.240920400665013013e+01
3.096255989429142375e+00
1.246654823519383015e+01
1.098528534418315061e+01
1.236064129022015834e+01
8.630941788896983269e+00
1.251892406225086596e+01
1.243900360831441887e+01
1.204735681006570047e+01
7.884196178743481553e+00
1.166250471540634948e+01
7.642886606823293683e+00
1.251169816752855013e+01
1.248499443518572960e+01
8.788561404674965161e+00
1.231311251474745383e+01
1.200061328469164579e+01
1.170025195822055863e+01
1.121393014592305626e+01
1.182420490339625552e+01
7.645382331506931806e+00
1.026631472270095280e+01
1.160913979202578616e+01
1.241585913919056949e+01
1.242377826868618840e+01
1.256131660688119034e+01
1.232232912720979812e+01
1.216400392469025071e+01
6.005227802053884290e+00
1.208350808282088629e+01
1.218888410753196894e+01
1.199746255037735665e+01
1.255042295049485901e+01
