-1.423371232134145146e+02
-4.314150275998446205e+02
1.193185218598733321e+01
-1.504605459292976946e+02
-1.275459741255284598e+02
-2.122628491146678869e+02
-3.829844715262805153e+02
-3.550790402618961821e+02
-3.214373059493536289e+02
-1.352845192899256404e+02
-2.881261616597734019e+02
-1.045266371387873221e+02
-8.481215682163225722e+01
-1.387823188444315292e+02
-1.425123165976846451e+02
-1.104284677375131594e+02
-1.033103201947491101e+02
-7.493245388167672161e+01
-1.513615713401351570e+02
-7.066444420066649457e+01
-1.248292185330204092e+02
-1.120377816662666817e+02
-7.242935339573934073e+01
-5.365114610884612034e+01
-8.334039600162080319e+01
-1.106834702795260768e+02
1.105063945229033706e+01
-2.403051875275462237e+02
1.141400660381231269e+01
-3.672700023569010597e+00
-4.026902489482836955e+01
-1.262073356309506096e+02
-3.077448376715684830e+01
-1.617957517758412394e+02
-5.963902838299382836e+01
8.701751312742702638e+00
-2.272547563459794873e+01
9.335272792179392098e+00
1.194261527900306064e+01
1.180310962196314506e+01
-1.367186298296241489e+02
1.217787699725672290e+01
1.094755334486041676e+01
1.153829612611238176e+01
1.063905396690135774e+01
-1.090797184137675089e+02
6.493351411247948235e+00
1.143433082654636834e+01
6.025211162839877232e+00
-2.400977127732271654e+01
1.227116751559073649e+01
1.041254003443966525e+01
1.195246670514324094e+01
1.053729385152951359e+01
-1.357066461472470849e+02
1.188902521481733388e+01
6.332340954893680873e+00
1.194409948007217537e+01
1.203263777131627954e+01
-7.088132366712436294e+00
1.193828434007641803e+01
9.556042192132979451e+00
1.249572434748383110e+01
-6.983681846754887346e+00
1.248211006408043744e+01
5.182114732905063192e+00
-1.375350748285099769e+02
1.243288609046934923e+01
1.133477325569910299e+01
1.244734253638383947e+01
-2.772902656805840138e+02
9.148417854063367827e+00
1.252674810597629218e+01
1.158122941602693601e+01
1.102950896812017056e+01
1.016847160444910259e+01
1.234191157931019056e+01
1.210171446705350817e+01
-4.760001298389640567e+01
1.213826893910286842e+01
1.251339817070980587e+01
1.220560064933496314e+01
7.422115994097405078e+00
1.194137179329346310e+01
1.189729629849787962e+01
2.517013903097755190e+00
1.119326122376015498e+01
1.235325223273225959e+01
8.568662230436839167e+00
4.878617696760253253e+00
-1.229061654562581651e+01
9.491887430242408996e+00
1.254248337086481691e+01
1.209771443075334574e+01
1.113816079328871389e+01
1.249275489584576526e+01
6.764630541508614314e+00
1.224304802803598591e+01
1.146391375841094984e+01
1.239727060610932341e+01
1.015741989129654854e+01
1.224990927205807978e+01
1.061638825276402898e+01
1.244928296518524569e+01
1.155559298009473324e+01
7.427919290635001559e+00
9.829453498945660783e+00
1.092432890373494558e+01
1.206867889218617762e+01
1.226259159257036480e+01
1.226730178692953643e+01
5.278400870862068217e+00
-1.143479223313939386e+01
1.240031776972567457e+01
1.216477040079819893e+01
1.139988481569305279e+01
9.732238823516475179e+00
1.249624713992415437e+01
-2.468935198777937501e+01
1.100668277659766048e+01
