-1.098745853250723599e+02
1.233385845062012720e+01
1.211641862465634212e+01
-1.572222394035793798e+02
-2.478785022692898679e+02
-1.197699899355021671e+02
-8.157509002911393736e+01
-9.987241879489069163e+01
-8.359125066698851469e+01
-1.947262982513588270e+02
1.255082013220216020e+01
-1.613220189459473204e+02
-1.466947288186519813e+02
-1.849953456042503319e+02
-2.968277347374436772e+02
-1.192912626108955578e+02
-2.427672226280173220e+02
-8.361038462895214707e+01
-1.308152063118542117e+02
-1.487063237533645008e+02
-1.421421649493301231e+02
-7.569465925437098974e+01
1.257909301904698651e+01
-4.629623169553683226e+01
6.471464461297511406e-01
-1.813788344249311422e+02
1.237108412736529495e+01
-1.222886975755652799e+02
6.967818296405638989e+00
1.189157774764939290e+01
1.257029027051038206e+01
1.241015048079230354e+00
-1.168519399811361978e+02
-2.919813872507755192e+01
1.200227376250495581e+01
9.116120714816466020e+00
1.235212408580848020e+01
9.207654267711276930e+00
1.250217005983985352e+01
5.499628369275516349e+00
9.845307703828831691e+00
1.789151688395046236e+00
1.167850960303184138e+01
1.196628057795579281e+01
9.609839029122626997e+00
1.242390864043970211e+01
8.729712986760873150e+00
1.248695553642794032e+01
1.070981690005043419e+01
1.251038613555281032e+01
1.226000913840029938e+01
9.495722528940998330e+00
1.018561346244279875e+01
1.242947392815501217e+01
1.098886861339600785e+00
1.247363088624902971e+01
9.826492473937559424e+00
1.071487758154721703e+01
1.133880788205165224e+01
9.570849737281024616e+00
1.226568483095248929e+01
8.468808882416229977e+00
1.242414113750524152e+01
8.347207624238091483e+00
1.114012227005555111e+01
1.247368168855589232e+01
9.515639074293055444e+00
1.239528948112840112e+01
1.243936294526243458e+01
9.309727777328102860e+00
1.046263511261460266e+01
6.409853547756469538e+00
1.232399161872217874e+01
9.046312418507687525e+00
3.162297708446962119e+00
1.253103945999418833e+01
1.222008863988724947e+01
1.244082103528161554e+01
5.172347089059840641e+00
1.164801209853561303e+01
1.194142149172858680e+01
1.242244061164156044e+01
4.666136233779702991e+00
3.425066048069568936e+00
1.248203711379628444e+01
1.255999801833510254e+01
1.232478456030458069e+01
1.172432712210457595e+01
1.071990154636625370e+01
1.175496847848971704e+01
1.211829776974444428e+01
1.189291826382868145e+01
1.234912287692183597e+01
1.236242388057190666e+01
1.257235676574367389e+01
1.250761082546333114e+01
1.251959959546109324e+01
7.781670399609690314e+00
1.252743422201014312e+01
4.047747839729279207e+00
1.250185581166402748e+01
1.249154718304838596e+01
1.082126706363388990e+01
1.150298295588264530e+01
1.146695743544254142e+01
1.232741887230027800e+01
1.214647806596862267e+01
1.254551655490810802e+01
-6.044221217556039250e+00
9.389578323718570374e+00
1.230598682809143440e+01
1.225819963690036829e+01
1.166622277710490252e+01
1.124394078409274300e+01
1.246680562758182376e+01
1.153591800017459335e+01
1.034607732752666465e+01
1.256907978934631487e+01
8.452170595187645574e+00
1.000336144465688015e+01
