-3.747785889894025786e+02
-2.077453776329269033e+02
-8.962333684512573484e+01
-1.407888751813390513e+02
-1.035323437899395884e+02
-1.192739456205911353e+02
-2.271480024064642862e+02
1.192524712547708354e+01
-1.153458392005536126e+02
-2.203165598672105716e+02
-1.182326479238732446e+02
-1.756712752516282308e+02
-3.008381009863533109e+02
-1.333479886913835628e+02
-2.229780185580585226e+02
-1.383935654206395043e+02
-2.174845894284667622e+02
-2.207161650179962464e+02
-2.109050731010522668e+02
-2.200675221909862103e+02
1.225301563527588655e+01
-1.034942031298622993e+02
-1.416854625720492038e+02
-2.034528976635789661e+02
8.982753784192833990e+00
-3.793056085240621655e+01
-1.895341065993989389e+02
-7.998648184860064703e+01
-3.497158448851195800e+01
-1.013244718665086097e+01
1.250700836473218303e+01
9.395167741048904730e+00
-6.397289740648840706e+00
1.228937266447531584e+01
-2.050277965323328431e+02
7.698959296043454970e-01
-2.135704939386869228e+01
2.349892480991060850e+00
-1.833534866924846938e+02
1.791656764619320441e+00
1.230952986845378661e+01
1.222617310773230415e+01
1.090935398502629639e+01
8.719208240103608176e+00
1.053257204260239277e+01
9.709893437291718499e+00
9.975667574789085279e+00
1.146401009311209584e+01
8.184612308444648932e+00
1.024536100360218072e+01
6.222077556459314707e+00
7.888372552883929245e+00
1.247804558272476072e+01
1.157685399092566492e+01
9.805248878446391814e+00
1.031433197239201149e+01
1.180234392763393636e+01
1.248068966595841900e+01
-1.759882904238670775e+01
1.253558994727371889e+01
1.064629627081976082e+01
9.818740955360460987e+00
1.132743000875781547e+01
-1.025075769600007902e+00
1.246751268743707008e+01
7.980829446544763783e+00
-2.067830816044267124e+02
9.483512007921422793e+00
8.428368295264963450e+00
8.501089088086114742e+00
1.226284057712808284e+01
1.226182356391750439e+01
1.242121901251387506e+01
1.109212786567353604e+01
1.240589542606307738e+01
9.563548313129572875e+00
1.168910252925957138e+01
1.162433855935009497e+01
1.084457228829813680e+01
1.169014690012759417e+01
1.157202983821916398e+01
1.240153865047054715e+01
7.929809369706930511e-02
7.938833803802698874e+00
1.248794690566379550e+01
1.247104288572772290e+01
1.243679357334821134e+01
7.151436388635366903e+00
1.034298073022589293e+01
-1.659315933278185753e+02
1.226095721089791368e+01
1.253294749438326683e+01
1.095720543496494415e+01
1.089802217437571130e+01
1.206182520463848107e+01
9.883585428899788639e+00
1.011551298307428581e+01
6.971455803437590859e+00
1.193102895482775949e+01
1.181602852438757978e+01
1.188165554706042215e+01
7.549860493350208479e+00
1.213594561078046397e+01
1.075699006741315245e+01
1.232895712212397399e+01
1.207232381363799689e+01
1.086525068502135127e+01
6.968416202604412746e+00
1.251729525196318882e+01
1.231394707081746631e+01
1.239448389150805241e+01
1.254124636307018115e+01
1.250641544628764024e+01
9.889150392918431010e+00
1.218645176051292367e+01
1.233629982429796890e+01
1.248307982731941479e+01
1.214595750250780704e+01
1.238492322061788897e+01
1.228109525703582960e+01
