-1.633063901603454724e+02
-3.154944200660978026e+02
-2.633996004959342372e+02
-1.033494561432893164e+02
-1.202816675282478087e+02
-1.221018715139331619e+02
-2.061645331524600806e+02
-1.746745085543975051e+02
-9.600262754176100088e+01
-6.126329148405690148e+02
-3.214915740011425669e+02
-1.735043783843868539e+02
-9.426226038887462266e+01
-2.192476361733773160e+02
-2.671714145165391869e+02
1.189564601439520253e+01
-1.779024587614263453e+02
-3.211959104947760011e+02
-2.729716540269458278e+02
1.230483125806793865e+01
-2.084940656485830459e+02
-2.032067724871776306e+02
-1.351103711704457169e+02
-9.412261513982332417e+01
1.090812005620446534e+01
1.253245319675855640e+01
1.205876823574320333e+01
4.761700081493533077e+00
-1.452707246290173089e+02
-1.454532784855633452e+02
-7.772612777384942717e+01
1.237203487085320575e+01
6.551686394632163513e-01
-6.160060754750464440e+01
-1.379197788810600116e+02
-1.986229441427035880e+01
4.586475915068220388e+00
-4.827795041858450986e+00
1.019950449089084543e+01
-5.198255980648119134e+01
1.240739610917008129e+01
1.041916763257737166e+01
1.188093041070749578e+01
1.256144371357595801e+01
1.187434881235168049e+01
1.253810295216427839e+01
1.240562616546742447e+01
1.243418473943434321e+01
4.047138751190091810e+00
1.256174488424171898e+01
-1.625118015679855077e+01
8.146711230888042721e+00
1.168096819296480859e+01
1.025605939317240001e+01
9.428748416013558398e+00
1.246478319853452632e+01
1.185707925758016223e+01
1.198622582569587891e+01
1.254763264838118531e+01
1.199360747880932720e+01
1.083123790095454630e+01
-2.762100649193835977e+01
1.255829590050378286e+01
1.234692477088004736e+01
1.070933532340951722e+01
1.253056533035682918e+01
1.248646503542971686e+01
1.222346559378024011e+01
1.175209949892058958e+01
1.169996987914220909e+01
9.013682314518920435e+00
1.253300146890982880e+01
1.228220826001682298e+01
1.186556420201518591e+01
1.234902757708863419e+01
1.139647777779983251e+01
8.710584249204732288e+00
1.226742417686025988e+01
1.088869881284630026e+01
8.276704948591259381e+00
1.248726849657037796e+01
1.187900956650370254e+01
1.199608580195100416e+01
1.235403132733902964e+01
1.148484334641560167e+01
1.045255965435855572e+01
1.186577960733222170e+01
1.231034825076919859e+01
1.254799292004654809e+01
1.230640485691375119e+01
9.625478382821949452e+00
1.238368590104569122e+01
1.098293173599761730e+01
1.214519766116196919e+01
9.675567037009287219e+00
9.687359995522623279e+00
1.242546298635603819e+01
1.077518064497368400e+01
1.115696042287626355e+01
1.102481867296169149e+01
8.230550860769412225e+00
1.255883642218283747e+01
1.119511198442067190e+01
1.235687525836132394e+01
1.246234311097157743e+01
1.044745793410961276e+01
1.244408430574761226e+01
1.046262943275724666e+01
1.246223830864857263e+01
1.258245216081785145e+01
1.146072239090837996e+01
1.251255012244211429e+01
1.126056101569452217e+01
1.249956915744517794e+01
-2.103829387341665438e+02
5.639806867107706623e+00
8.083775739889393463e+00
1.216312666343342563e+01
1.227419038472989499e+01
1.226265902252552387e+01
