-1.140366754439218937e+02
-1.598415362614322817e+02
-2.098740434878802716e+02
-1.054254284589622586e+02
-1.033702309230684904e+02
-1.143515180838128487e+02
1.251682781423122570e+01
-1.382077588789470610e+02
-1.651957873380828801e+02
-4.101051851991579156e+02
-3.284173888969991140e+02
1.256435681666003745e+01
-5.418035708857540556e+01
-1.720185451923986193e+02
-1.059508475908370286e+02
-1.380191148485711494e+02
-1.122493524440678243e+02
4.241226415381598613e+00
-7.190404092799326463e+01
-5.258942468267419201e+01
-5.427255593594621530e+01
-2.432543494193087383e+02
-1.102038687428854757e+01
-2.668532556126233501e+01
-1.895117592173887999e+01
7.503335725527787936e+00
-3.112620292093256680e+01
3.303977319048415850e+00
-6.162099349465297138e+00
-1.808776977493245042e+01
1.640736775989370955e-01
1.257078443886957331e+01
2.446423868439634219e+00
1.188365075956765438e+01
1.122588054036433647e+01
-1.527486110636722572e+00
1.102102867501057482e+01
7.698168136538968476e+00
3.587241937531599589e+00
8.896590707515070306e+00
8.916315678776879139e+00
6.262105816347881770e+00
1.190963937045355081e+01
1.238492829069823209e+01
1.227288272508589628e+01
1.200166809089853537e+01
6.321362246044628819e+00
1.228007395134417123e+01
1.242920274439765294e+01
1.115210231458237722e+01
1.167127234827577098e+01
1.248673788182085609e+01
1.128339458906346771e+01
1.221944722354277602e+01
1.242084909087459899e+01
1.241131184946453558e+01
1.100642597560513103e+01
1.248115729288581299e+01
9.332433503621949455e+00
1.206802732293884972e+01
1.096865915703199690e+01
-1.373365251757120475e+01
7.459483146887020411e+00
1.105657199809062163e+01
1.054629283813017082e+01
1.197098490865641196e+01
1.100767078752411621e+01
7.894439554642999290e+00
1.174345798613977365e+01
1.238963832360234640e+01
1.237023596093535893e+01
1.213284464928939244e+01
1.090689614852471223e+01
1.258289332867933830e+01
1.234152836208039083e+01
1.108331919125148168e+01
1.256383677097418783e+01
1.242837896591642277e+01
1.171332331101686819e+01
-1.818269046134480220e+02
9.371475962961451245e+00
9.037088314091125341e+00
-1.882922165128779000e+02
4.885587348649142569e+00
1.213046090129747157e+01
6.998458433784120913e+00
2.861855974552007353e+00
5.581848467457970031e+00
1.245356324350538912e+01
9.223895812853971421e+00
1.238574443137174441e+01
7.648982567936758237e+00
1.067702879103643099e+01
1.230154471911499492e+01
9.045757301344675483e+00
1.192517302213309094e+00
1.134587932445745473e+01
1.038319256337976881e+01
6.264033088781904013e+00
9.349641406472667171e+00
3.631950700134066068e+00
8.764110588744689068e+00
5.263710146079557006e+00
1.117964083814719700e+01
4.925251457955329926e+00
1.046689256522826561e+01
9.069254074990601211e+00
1.247009059792301855e+01
1.253229968340917821e+01
1.086044313634617176e+01
1.253401627385964368e+01
-1.235427712156380942e+01
1.130550774878878073e+01
1.142954560034914557e+01
1.244670867626623156e+01
3.241877132298734310e+00
1.244393926149736629e+01
1.154787286835055760e+01
1.243418834402051942e+01
9.699168277428016793e+00
