-9.053586893365745425e+01
-1.293821216806828431e+02
-1.551949106453411105e+02
-2.431897868839620571e+02
-3.480810692348570683e+02
-9.791985704778447541e+01
1.254176992932178791e+01
-2.925335950279976487e+02
-1.889944692320966624e+01
-1.168013132496486719e+02
8.731966271226895060e+00
-9.529855865505868451e+01
1.248777270003110118e+01
-2.327275440061218887e+02
-2.316157249810849237e+02
-2.650878687654265491e+02
-1.366625136141824726e+02
-1.090117497015437067e+02
-9.611631884566170925e+01
-1.281915980363357050e+02
1.001946225955273739e+01
-1.679420746896813910e+02
-3.150059348476968921e+02
-2.132996382763528800e+02
-2.030179855191214813e+02
-1.952528986622791933e+02
5.157024513346122774e+00
1.241978263759175505e+01
-5.406712319304201486e+00
1.254516788876420641e+01
1.254263517623026125e+01
1.252947283272396817e+01
8.859288274713314593e+00
-2.245268429516858788e+00
1.173155272032355789e+01
1.030496916602523250e+01
6.282873662666426995e+00
-2.831584392156958074e+02
1.236071957303499502e+01
1.244393231963666224e+01
9.854660784337507806e+00
6.578292579383621330e+00
1.254427056679612207e+01
1.099988500429067884e+01
1.169870487306561202e+01
1.243373658978434193e+01
1.200995457663967514e+01
1.252427518966288922e+01
1.257096911202904010e+01
1.119990711630946656e+01
1.227303254173012625e+01
1.252869435145627364e+01
-8.487987363917399364e+01
7.920652895047379793e+00
8.150598058583337746e+00
-1.373540817287306481e+00
1.255327280229622566e+01
-1.285876296975937372e+01
1.048898764104626125e+00
1.209972057543629376e+01
8.453064032081531565e+00
-1.668962751322116560e+02
1.240534012766156735e+01
9.379555410513706448e+00
1.011215066145008379e+01
7.255311228622356445e+00
9.117581450806858001e+00
1.231311951391900550e+01
9.061416208625306723e+00
1.043159127711015444e+01
7.658448666112469105e+00
1.171181222907227593e+01
1.239167627635046287e+01
9.171736634040957625e+00
1.240230831089157171e+01
1.160064284571114257e+01
1.250345389145557107e+01
1.224845950986889953e+01
8.298768900549102767e+00
1.211904157344546462e+01
9.030946214467954647e+00
1.248829615502095081e+01
1.250800596916002405e+01
3.007824619924988951e+00
1.249596167635120914e+01
9.870715211725066496e+00
1.253351608948283058e+01
1.254753951718345029e+01
9.815008796003533931e+00
1.079970252839943257e+01
1.234204737964966370e+01
1.219157581888603126e+01
1.160356347624896323e+01
1.152538304805171165e+01
1.043436774341382467e+01
1.148387511717702480e+01
1.227224038226465908e+01
1.250104715193236515e+01
1.250210467926799573e+01
1.146336195925385582e+01
3.780153187446094520e+00
1.247494821573824630e+01
1.257056119860457599e+01
1.181756768100699517e+01
1.249936922119236371e+01
9.164488379118949979e+00
1.222118955034523680e+01
9.331960796475687658e+00
8.577095787607120769e-01
1.243359945560049695e+01
-1.414584303828716827e+02
1.251524070775892739e+01
1.217014237110100439e+01
6.246929555902942965e+00
1.247302337374696712e+01
-1.870018072390731447e+02
1.104389761495575151e+01
1.030282020097343576e+01
7.731644580614531748e+00
1.216626751108540461e+01
7.610387830038439105e+00
1.230817070175444883e+01
-6.803010501458963688e+00
9.975768055870684492e+00
