-1.117885124026462904e+02
-3.364067879393887779e+02
-1.062482017864833637e+02
-3.147954787373280396e+02
-1.942625763657252946e+02
-2.555602290249981365e+02
-1.053662195418015557e+02
-1.896451095608823323e+02
-3.685540233218922594e+02
-2.867443578929733690e+02
-1.282562391445569574e+02
-2.375298854812088223e+02
-1.821093154564881900e+02
-1.642792317489843299e+02
-3.484838294908873735e+01
-1.980357601772525982e+02
-1.492648257020184417e+02
-2.085154258593952648e+02
-1.188299377680334317e+02
-2.479469812373702098e+01
-1.961275334002176010e+02
-1.383314314111065357e+02
-2.567193428459415827e+02
-9.728094365050120018e+01
-2.068901658905328844e+01
-1.539551670966181405e+02
-1.268830905300702625e+02
-8.775356286040438647e+01
-7.046730069275072594e+01
-4.093665934751879831e+01
-9.668837182820523424e+01
-3.213287320546420744e-02
-1.206519319221398234e+01
-6.656172659817916326e+01
-3.371583058153735379e+01
1.234054986672070697e+01
1.142980557994096280e+01
6.386195289090910165e-01
-2.835280193045494457e+01
8.638795054195238521e+00
1.252285929946644671e+01
9.679105586956019636e+00
2.334122157869362724e+00
1.246302526486195283e+01
1.252238916000208135e+01
1.127551932971075210e+01
1.220473255103040877e+01
-5.688826566777055405e+01
1.206455541633709139e+01
1.065347092810952034e+01
4.072792149598573275e+00
-1.959939603096507312e+02
-1.466725005295066637e+02
1.024362868118883974e+01
-1.467845278372591622e+02
1.254802617390634722e+01
1.165506153626208885e+01
-7.388226161599922648e+01
9.344942807781222882e+00
1.240876332525632897e+01
6.257741056240920585e+00
1.148034005069121477e+01
-2.955386792457812106e+00
9.771127676743230239e+00
1.180532790066043525e+01
1.168031032018951265e+01
4.871786078381246554e+00
1.229105263527062775e+01
6.191411146227057571e+00
1.256705597022042831e+01
1.242952195295048234e+01
1.242914229165402062e+01
1.235547817566024875e+01
1.160339248516985933e+01
7.470814482527838862e+00
1.228055937930283825e+01
9.496485132113640759e+00
1.185249129043005567e+01
8.480617740799374360e+00
6.332159028570870873e+00
1.098357879103039281e+01
1.200002447924478943e+01
1.195078333863948217e+01
1.243392126348662075e+01
1.198446732768797673e+01
1.098839161613617321e+01
1.159528623733991992e+01
1.252918281587752958e+01
1.240391555925143585e+01
1.254460070513925452e+01
1.007939794212715690e+01
8.249236838354750745e+00
5.693248346462111087e+00
-1.604811470544997292e+02
9.042045143264413554e+00
-2.426444168342665719e+01
9.542569551354041835e+00
6.485750506455508102e+00
1.186198250598438797e+01
1.015765782487752134e+01
6.163337282311887932e+00
1.160967250485565749e+01
1.255192103043871654e+01
9.760704100897743984e+00
2.305612959884239643e+00
1.084970738437308846e+01
1.101976352272316717e+01
9.625147237108915732e+00
1.062709841271321132e+01
8.908422260174226892e+00
1.231554634155333972e+01
4.320840417870551065e+00
3.497011369326799013e+00
1.039498085865824351e+01
-1.419952452231511408e+01
1.153467224451914142e+01
1.234456278897666159e+01
-8.961772456602018622e+01
1.080171768915019648e+01
1.022716980670361409e+01
