-2.265047951657707301e+02
-2.766515896405595072e+02
-9.606725205951052260e+01
-1.621474750712296213e+02
-1.046978648586319594e+02
-1.089467232878809995e+02
-1.318100186110123104e+02
-7.534394868924975697e+01
-8.491591601888826801e+01
-9.578267730755979414e+01
-9.281891391714472661e+01
1.243292347747173032e+01
-1.237880245729110982e+02
-8.015993044741564688e+01
-1.027654604551063642e+02
-1.323141416564653525e+02
-1.808242076894117929e+02
-1.113476348226025294e+02
1.229266864161024131e+01
-2.336672939298819074e+01
-1.143791938776545578e+02
1.228838166781803665e+01
-1.551295972504884162e+02
-1.164769455095766091e+02
-1.160555266383429256e+02
-6.094271348182633830e+01
8.066081626115646941e+00
1.191320835889008833e+00
1.238557244982931493e+01
-2.774120279928160357e+02
5.981940768323951829e+00
1.027332621532156409e+01
-1.477743099866434591e+02
-2.236142234345458917e+02
1.256248629268693939e+01
1.237604609049764548e+01
1.250265428184418859e+01
1.218942632268174542e+01
1.256171863397784882e+01
5.956644373707252527e+00
1.033619399262788008e+01
1.226096798243370145e+01
1.239864404299517275e+01
-1.010758461753617965e+01
8.069685569052223784e+00
1.110422740854035872e+01
-7.427388531780536596e+01
1.159690351452101886e+01
1.224594427169270716e+01
-1.783246909957648256e+02
1.189596131829810943e+01
4.923067730388313024e+00
1.232472888830613478e+01
1.166325942242827907e+01
1.233809052113085869e+01
1.144201733902004925e+01
1.236981247842845555e+01
1.069290512162487694e+01
9.314245786039752062e+00
1.097143939465269469e+01
1.178243306867368290e+01
1.226255360268424255e+01
1.177128229189787056e+01
1.237398693449746645e+01
1.136447531750602735e+01
1.160794275666413355e+01
9.879886473519627899e+00
1.250655986930006236e+01
1.066941901817793870e+01
1.034419249481056369e+01
7.472693343860131066e+00
1.141009563586413122e+01
1.254342630217163901e+01
9.127731092754604703e+00
1.248574939703722642e+01
1.254182579880496107e+01
1.028875335062066654e+01
1.022861543430722797e+01
7.835959085084819975e+00
1.242353619138479104e+01
1.094243051547984535e+01
1.153696284199185840e+01
1.033125100443212929e+01
1.249433561947134663e+01
1.252791986866082574e+01
1.255062831555129854e+01
1.209224529008190707e+01
1.252070922156683608e+01
1.248832929330587049e+01
1.226777959150272501e+01
1.125885992885370079e+01
-1.165267211021406268e+02
1.177725615530358994e+01
1.246991731503176126e+01
1.214855924468869475e+01
1.235669714540551922e+01
1.138267230576347799e+01
1.251691230770469510e+01
1.209652902144094710e+01
1.232404211743552125e+01
1.133816087833120889e+01
-2.168626522125489373e+02
1.182422290105789742e+01
1.245405896751076114e+01
8.946223267126608647e+00
1.220589037164219803e+01
1.239133158693238634e+01
1.256805029304514321e+01
9.672433080471211753e+00
1.219743540117925562e+01
1.024103051514043372e+01
1.240303447696520678e+01
1.142031100250142828e+01
1.183394679201639121e+01
1.173619891952150063e+01
1.238898117886788697e+01
1.229807258902255995e+01
1.028249321189246857e+01
1.246439276024327469e+01
-9.662137431163448298e+01
