-8.418507838394098997e+01
-3.004976423828140923e+02
-1.930616693563952424e+02
-2.989498978971304268e+02
-2.988964424795704531e+02
-1.459071979695011407e+02
-9.242147535061377539e+01
-2.863346725956072305e+02
-1.453413366641266009e+02
-9.423086616212843580e+01
-1.557324369094319820e+02
-1.010779352587097435e+02
-1.554668155683226303e+02
-3.188429281840790281e+02
-3.072096750222633545e+02
-2.726020447843403645e+02
-1.831388353336510022e+02
-7.710759457088258273e+01
-1.474722129684020899e+02
-6.338296005904269492e+01
-4.295685084069567949e+01
1.143003419956460043e+01
1.245577579796438705e+01
-2.530873602953695638e+02
1.245020821567835512e+01
1.169933367512580702e+00
-3.504389093095631580e+01
-6.983422099765704161e+01
1.228814106472982459e+01
4.868212396042626011e-01
1.218155355660500838e+01
1.241677328844831862e+01
-6.345670212813590183e+01
-8.203708204406062521e+00
7.980478949721348414e+00
-7.522572064965096672e+01
9.078719952820289762e+00
4.516961782475753751e+00
1.242092057612509848e+01
-1.472516202147438094e+02
-2.234979697516690464e+02
1.037236425139622398e+01
1.132872741464668742e+01
1.207967469762381008e+01
-1.998231214273012313e+00
-2.643889042646691792e+02
1.142546537698437348e+01
1.167282771350425996e+01
7.133108504178829357e+00
1.257286137613183463e+01
1.252580332649059969e+01
7.818417757740859564e+00
1.184042522786643126e+01
8.724969734982451541e+00
6.823823258062398978e+00
1.077209916649976407e+01
7.652716900284921131e+00
1.228869566415053605e+01
5.611566951443183626e+00
1.240721709206088619e+01
1.135964088826112750e+01
1.093502444910193105e+01
5.343075255653953803e+00
3.201276206054629370e+00
1.218841386076689304e+01
1.258194836200111588e+01
1.217586769763644483e+01
1.119467236347567507e+01
9.098875235919217985e+00
1.236494844874257915e+01
-3.306244179646302683e-01
9.530836385787203824e+00
1.054829848137600123e+01
1.191556771078099608e+01
1.038414082009728290e+01
1.142121721916872268e+01
7.229959272307083573e+00
1.236632793830536770e+01
1.138523436097374386e+01
3.873379336572181586e+00
1.244690122073944138e+01
1.232850928205917995e+01
1.253292704729290818e+01
1.156310680731182572e+01
1.249412021740148582e+01
1.239541742112383993e+01
1.214700474605376890e+01
1.226272189828341297e+01
1.099343134826063562e+01
3.511964550223167336e+00
6.493552477863834937e+00
1.225472971164616709e+01
1.120149135771384330e+01
1.165044217112943770e+01
1.248424073735431605e+01
7.888241647825605440e+00
1.029789978819782270e+01
