-4.104771459399197511e+02
1.093901784084128082e+01
-7.729576804564874237e+01
-1.875634359083174161e+02
-8.634643623918367439e+01
-7.766223606887089659e+01
-2.786553008887502187e+02
-1.346519879065488112e+02
-3.463860249726388361e+02
-1.166843226318725328e+02
-1.341511297965065523e+02
-1.116005392346090730e+02
-1.437873850930685933e+02
-1.796792454510677146e+02
-1.023731564910790155e+02
-5.974831766396266630e+02
-1.551707055575004119e+02
-8.075853416039797139e+01
-1.135274853649000164e+02
-1.051757030576252419e+02
-2.636857877197005564e+02
-1.601135459212868852e+02
-1.365963308010669266e+02
-9.385900896942870020e+01
1.233751057560006181e+01
-9.231685080326461446e+01
-1.064235651770269158e+02
-1.119018846941577152e+02
-1.372497808244481803e+02
-9.985389074394667830e+01
-9.908922012612780605e+00
-8.610192068811130639e+01
9.278512707868848963e+00
1.220264434337949311e+01
-1.274434478788283656e+02
-2.655343169288623244e+02
-2.685259703648082308e+01
-4.724833832683458468e+00
-1.466599463782284118e+01
-9.728173128614326259e+00
1.256323143863404823e+01
1.241511938904037748e+01
-2.128705602345731052e+01
-3.480375232930989426e+01
1.248974111226345940e+01
-1.092737827912571902e+00
1.246143368897585191e+01
-2.731088317945196309e+01
-3.789611401387732315e+01
9.707255397853376877e+00
-1.154960319598968965e+01
1.245507370899411193e+01
-6.653494275448873907e+01
-3.114708203641871620e-01
4.074741157701899041e+00
8.402040953203799845e+00
9.363271536227493641e+00
8.659080933039916772e+00
-4.155574419415220433e+00
7.773313877150323847e+00
1.239598024195343484e+01
-2.083614002016656030e+01
1.251773333893523521e+01
-8.515087656836035990e+01
-2.262969676942961428e+01
1.001352043121937285e+01
1.251582712899831051e+01
9.991527518716077694e+00
-2.414964540313322772e+01
1.160848795347433082e+01
1.055317065727162529e+01
6.990831626785423580e+00
1.246730693814154911e+01
-3.075379010880983088e-01
1.038131130985277473e+01
2.654812541883959653e+00
-5.259811679635678416e+00
1.252657920077916742e+01
8.171207119162620103e+00
6.696467290839253295e+00
1.235289321808663132e+01
1.221845005776506454e+01
