-1.645018985080164953e+02
-1.741031898046225592e+02
-9.590173960456111502e+01
-2.012379545546676809e+02
1.256963666435359706e+01
-1.121749657052845350e+02
-8.166599009417291199e+01
-1.396347676354079965e+02
-3.572154862127475212e+02
-2.694478334994434476e+02
-2.695334044365995965e+02
-8.719941999497143570e+01
-1.055544779083458025e+02
-2.364472637395678873e+02
-2.021459478681071857e+02
-3.026124881215369555e+02
1.246295244136388902e+01
-1.642551109816280359e+02
2.441734270327476253e+00
1.227619054668168452e+01
1.255039015558045890e+01
-4.937110225106330574e+01
-3.602057738827809175e+01
-4.019417048424826788e+01
1.255779483939942942e+01
4.919829756686979749e+00
1.256127373037534944e+01
-1.666117465594311966e+02
1.195964534290754955e+01
-2.741097330519331621e+01
1.228534125758172380e+01
1.386065037549560230e+00
1.252662836543959202e+01
1.246163898358298994e+01
1.087015932550519892e+01
8.627949941631420927e+00
1.243032584038893518e+01
1.245241390952250526e+01
6.512546697239757876e+00
1.134336027378816603e+01
1.022744740832084887e+00
6.718140777873978564e+00
1.170191172982216976e+01
9.385872741550667087e-01
5.304270472866155828e+00
1.222623993969505563e+01
8.133663455439304357e+00
-1.327836925479168961e+01
9.926613986126231026e+00
1.236461659856953155e+01
1.249948735468595373e+01
7.518794878535991266e+00
1.175066719105742052e+01
1.204630127316057653e+01
1.105695673851547944e+01
1.146288894251821944e+01
1.250569840568068614e+01
1.093576601687004413e+01
1.055514259124605303e+01
1.255786435411710933e+01
1.204899139297035404e+01
8.851078266195315791e+00
9.216605440920368153e+00
1.003631211526254674e+01
7.783429301667832867e+00
3.482329649141124861e+00
-1.103926493069133556e+02
1.247004779780487560e+01
4.321383925131319970e+00
1.254798676694208481e+01
1.137368563885552319e+01
9.802739435131108792e+00
1.247920500505027874e+01
1.168455631075487844e+01
1.254479591670466831e+01
-4.256648000411924926e+00
1.224509258883955454e+01
1.211879192806062555e+01
1.191036115119156946e+01
1.069146326663440227e+01
-9.714851534813121248e+01
1.246612924396399613e+01
1.255969560635505644e+01
1.234359876393913957e+01
-9.390127332940537030e+00
-2.186242277814212116e+02
8.341269193682396832e+00
-2.265142304142830909e+00
1.151756301152962969e+01
9.768619267991482502e+00
1.147312716306331382e+01
-1.599544009627459786e+02
1.177118030503479140e+01
1.245239790230012744e+01
