-2.203570047536124434e+02
-2.063616735429627340e+02
1.248983650153311231e+01
-1.358644308923945232e+02
-1.772525520930468304e+02
-1.243061908568049034e+02
-2.454370573552719179e+02
-1.759370564715610499e+02
-8.768308758758716692e+01
-1.100906903228809881e+02
-1.428329994771679594e+02
-1.217025307324152976e+02
-1.077484476951077710e+02
-1.096380035040567691e+02
1.256505839849582884e+01
1.226917298334935147e+01
-1.557479016490547679e+02
1.830626064078428428e+00
-2.383169991154182128e+02
-9.323679026937041669e+01
1.225880298611219921e+01
1.079780433800766559e+01
7.182659333477001695e-01
1.251071721443049967e+01
-8.252768411648766289e+01
-1.589808082187177263e+01
1.246695550943516473e+01
1.162654523607197632e+01
1.228318811509948461e+01
-2.709910455407321450e+00
-3.415314842155365227e+02
1.075165407351427405e+01
1.250995260359831818e+01
1.248778030543549633e+01
-1.792190965629375796e+02
1.123957603145177231e+01
1.246667494013532185e+01
-1.201866119677244313e+02
1.249674252577355738e+01
9.051863914401636180e+00
1.254977100689239400e+01
1.253470182780446862e+01
1.249169014060222516e+01
1.227716888551475449e+01
1.256262175471565534e+01
1.039789162813752732e+01
8.381889439937069142e+00
1.002786441402182227e+01
1.170002180204303777e+01
5.318623964789068737e+00
1.009054080874062187e+01
1.232756277277153245e+01
1.243584722873139725e+01
-3.222018410641155697e+02
1.199786542056597227e+01
1.240300652526731184e+01
1.023795906556417279e+01
1.235045506684377159e+01
9.581648032296486761e+00
9.447882039020750966e+00
-1.292483082912785619e+02
1.176593806619346516e+01
1.255443286717659213e+01
1.090727832478116710e+01
1.251656641875822373e+01
1.210245821481892747e+01
7.867054307160792348e+00
1.183779681166863540e+01
1.220906645247639943e+01
1.238488411557781532e+01
1.226193493246805843e+01
1.251687150308229057e+01
1.128143735183777530e+01
1.238982709655833325e+01
1.253713482649767030e+01
8.781953169418503791e+00
1.208117295537635982e+01
1.032969284797745679e+01
1.246251520267474078e+01
1.256053806593198985e+01
1.213776327486831264e+01
1.015842508712936088e+01
1.255817470994312757e+01
1.217855884271705236e+01
1.034365891231817258e+01
9.929828903283659969e+00
1.151623759052602836e+01
1.246222698546097973e+01
1.242088587539158695e+01
1.255037196533113431e+01
1.247514123065763059e+01
1.251714131849719891e+01
-1.426180997020720156e+02
1.157157300356722729e+01
1.246077271368110928e+01
1.250514071171713226e+01
1.242261610038135977e+01
1.215251588659569038e+01
1.251827334757748034e+01
1.189199704658190448e+01
1.254242874848722522e+01
1.183804336106670796e+01
1.247103329805135807e+01
-3.966974850357559745e+01
1.252698570373557629e+01
1.253504624425062985e+01
1.248598469379885323e+01
1.223890413958032219e+01
1.256444602283658796e+01
1.247026169758903436e+01
1.208253793099124707e+01
1.254516201338288894e+01
1.157826978931408668e+01
1.090378905110454255e+01
1.228241818647079242e+01
1.038552439050686971e+01
1.086415994546936759e+01
1.254326910990333488e+01
1.193459054176303269e+01
1.253817609676140599e+01
1.177107701796117034e+01
1.235506474650648556e+01
1.068973828999373765e+01
1.243860156585025045e+01
-7.546903508233171465e-03
1.253844349879528508e+01
1.215129940714982837e+01
1.222313090239837408e+01
1.229915537381645230e+01
1.156381046921730693e+01
1.204647226352819267e+01
1.222303520114895470e+01
1.241839300205530705e+01
1.211873071211417674e+01
9.845550559166191817e+00
1.254568785946639409e+01
1.251784256775108162e+01
1.246007213942602831e+01
1.240539816165183851e+01
1.241876332000008532e+01
1.257586003899377758e+01
1.129924045306347580e+01
1.223982154590054172e+01
1.202760149361700037e+01
1.089308439079317736e+01
1.243114093676861742e+01
1.251956953990089971e+01
1.172512913524114175e+01
1.239060064937715921e+01
-7.645974911927453377e-01
1.126782780786741434e+01
1.252460937726823786e+01
1.203422735164848056e+01
1.247559542306336589e+01
1.217628903739181290e+01
1.130248865286182181e+01
1.219396574597814009e+01
1.221338393597067373e+01
1.249514552115550714e+01
9.833852010135998967e+00
1.249885385538425631e+01
1.180883986570706767e+01
4.129730317275758011e+00
1.217625892248547892e+01
1.186495896085162016e+01
