-1.385692418780395485e+02
-9.439984464236856354e+01
-2.621133956176516904e+02
1.243504882839704528e+01
-9.015214608727178813e+01
-1.371711582396062283e+02
-7.615400787698094121e+01
-8.651252644181539608e+01
-8.295209435809090337e+01
-8.567683915791057814e+01
-1.931086592721899819e+02
1.198575397840947865e+01
-1.156216812279718340e+02
-1.229431939815488732e+02
-1.093027755636556719e+02
-1.971819846096070421e+02
-1.142068029997027878e+02
-1.917883833026994012e+02
-1.184469743832657116e+02
-1.200539430613625598e+02
-1.057081464822388170e+02
-1.233944813115431458e+02
-1.245180934794442891e+02
1.249890009655972989e+01
-1.798935096638098230e+01
1.188856099566237745e+01
1.248387964000658812e+01
-1.434216707148009107e+02
1.246222949921470757e+01
-6.458541288513238499e+01
-2.405378162337747483e+01
9.958083602713049487e+00
-2.256846613703811499e+01
1.076750761931941369e+01
-1.543296817181973779e+01
1.258388646078479312e+01
-5.888216712953258991e+00
1.218349161827420701e+01
-1.812242374667406466e+02
1.185368022284199974e+01
1.248119568002915791e+01
1.250889386522261049e+01
-2.545185931543539226e+01
-2.181259821133047865e+02
1.140891578073697588e+01
1.164935244483087473e+01
1.240338322624632639e+01
-9.672987055081243568e-01
1.180578094714370962e+01
1.154476998872576132e+01
1.245169442064763388e+01
1.077267711766123703e+01
1.219185393096950776e+01
7.087915100398124224e+00
9.822505046166016385e+00
1.256395199430189002e+01
1.255435956035385914e+01
1.009859760557533903e+01
6.204265150322624933e+00
1.153424029258810890e+01
2.437700005586219021e+00
6.443667534570721500e+00
9.495807983676726849e+00
1.251048627105197042e+01
7.816759125252924711e+00
-1.930958050181273933e+01
1.192384579105401521e+01
1.052774029400504574e+01
-1.744729997529791632e+00
1.238642279419229020e+01
1.029500905906871111e+01
6.049607170110801846e+00
1.068543320051638545e+01
4.693355718287648415e+00
1.229753773612758927e+01
1.102686906019243906e+01
8.107334962551973945e+00
1.039356082667029213e+01
7.914250966472842208e+00
1.154686210954031367e+01
1.114949366448633228e+01
1.086891220981804373e+01
1.213279869331832828e+01
1.197549907786412859e+01
1.219395173307078473e+01
1.065540345881268891e+01
1.202733821286425631e+01
1.159358611992642096e+01
1.223662145356270159e+01
8.720415361943476995e+00
9.690734123411147038e+00
6.947393411302842381e+00
1.177481256623791417e+01
1.250237064779404150e+01
1.227897918095227681e+01
1.257164566141548079e+01
1.201966988091506394e+01
1.192974983430766578e+01
1.033449290752502669e+01
1.084767764444998406e+01
4.685696332725257207e+00
