-5.268693470406605002e+02
1.006290818770556328e+01
-3.213364961478206965e+02
-1.538386966436825389e+02
-1.473300530501451817e+02
-2.223883858042668180e+02
-1.962095511174122464e+02
-2.412631903349088418e+02
-3.220014655956749721e+02
-1.228021900570347498e+02
-4.380331680783394290e+02
-2.075551991894371895e+02
1.256861654397514627e+01
-9.744365158656371761e+01
-1.753175857326722280e+02
-1.036241211407505745e+02
-4.204326105888245593e+02
-1.114891086459627587e+02
-3.034738953395465160e+02
-1.641364018172347414e+02
-1.230894610443185115e+02
-2.441548847661656794e+02
-1.914048456176045647e+02
-1.955350525108309512e+02
-1.930234177006562959e+02
-1.897793072150413423e+02
-1.801516577373720054e+02
-1.949387787604143227e+02
1.246663981723138015e+01
-8.236803702241228109e+01
1.252314789055290944e+01
1.254637236474740014e+01
-3.007022936798381920e+02
-1.428728994145749311e+02
1.112787573939158037e+01
8.765568596003365798e+00
1.236837221929417296e+01
1.244437440971276487e+01
1.248767902085585391e+01
1.244895507544653057e+01
-2.218987504964646718e+01
-3.402627168241286881e+02
1.243230074959905629e+01
4.106013055196651607e+00
9.976923244958742387e+00
2.926179346366154732e+00
1.252833278428117403e+01
6.554223890328422897e+00
1.229646254639600400e+01
1.025643375736263962e+01
-2.084878152586460942e+02
-1.661107572029607127e+00
1.223513506416832186e+01
1.253404881436979501e+01
9.237363190553054437e+00
1.153425863239466409e+01
1.108731751620487138e+01
1.220015108312053975e+01
9.653199864005280517e+00
1.085934197833890380e+01
1.166997373644814218e+01
1.137715077391755969e+01
1.059866369098314820e+01
1.013810509245413982e+01
1.248172568194284970e+01
9.121199959939373159e+00
1.158277053718424909e+01
9.780285861087783417e+00
1.246226178086066483e+01
1.148924836852166642e+01
1.176678094946775310e+01
-2.243630153027147855e+00
-8.135040979353536272e+01
1.228598044443325499e+01
1.208919213866725784e+01
1.114197574577452876e+01
1.252595497418003490e+01
1.183105162470974747e+01
9.413304610225658564e+00
5.303231434255717858e+00
1.254872520875813890e+01
1.161826038050015519e+01
1.005000777752411167e+01
1.106371017158571668e+01
1.083820615404858501e+01
