-1.520498919565887093e+02
-2.973516271814480660e+02
-1.022800950835152918e+02
-1.832219178075426385e+02
-3.086720895383261336e+02
-2.290752608229093994e+02
-3.565101641149764191e+02
-1.954885785040969779e+02
-3.594320880678436225e+01
-3.294848770510952818e+02
-1.945043621495862851e+02
-1.842486034818261942e+02
-1.394338195809427532e+02
1.246292409414594005e+01
1.241219616494527322e+01
-1.288523254495362949e+02
-2.085616196805990512e+02
-2.225210226170429166e+02
-9.150823640058241892e+01
-2.013803805614379030e+02
-2.277108525700459722e+02
-1.151478010588567713e+02
-2.641844768110210850e+01
1.232809200801281335e+01
9.433187886764642371e+00
1.193175957300554479e+01
1.233787846554319145e+01
1.193030678954914769e+01
-7.620198624105295693e+00
-5.757514700872780367e+01
-3.335101041845888403e+00
-3.083656117880374836e+01
-1.178147002395951759e+01
1.226110023396256743e+01
-3.130827886584956232e+01
1.168760597304137860e+01
1.019465263817409095e+01
9.211924439631072659e+00
8.577799735679949578e+00
-1.174302281936394081e+02
1.039219589830004509e+01
1.812420482302561808e+00
-2.522202442168367611e+02
4.880340021396945005e+00
1.106799868578236179e+01
1.233915762770891789e+01
-8.701274460118469278e+00
-5.830235671007741871e+00
-5.458117879064943878e+01
-1.718106864375413636e+02
1.132326702212321834e+01
1.251304212169623753e+01
1.246990319310016204e+01
1.247099640724645297e+01
1.247438510551587498e+01
3.993332109097478266e+00
5.063056012584908672e+00
1.256468150465649103e+01
1.236887419126578536e+01
1.237474199466980096e+01
9.001574855715190893e+00
1.028925328434906916e+01
9.006917419350088494e+00
1.055363569588443085e+01
-6.720071453099087933e+01
1.252769607368701443e+01
9.977567860543871348e+00
-2.541471548170740391e+00
1.253078573564362941e+01
1.250123459104314527e+01
9.789503604774063561e+00
9.924815186616983809e+00
1.251104186916041350e+01
1.244584322056381076e+01
1.254814616471037958e+01
-9.787539124740297325e+01
-2.291411483623714318e+01
1.254176745374493862e+01
7.601610213233737312e+00
1.257564337754901729e+01
1.229902994304709019e+01
-3.872050322741505113e+01
1.255784263104493803e+01
-8.076797351025533089e-02
1.069502056030798265e+01
1.142900765144247721e+01
