-2.746496182882301014e+02
1.116031414910858821e+01
-1.476669138352548316e+02
-2.094135469420452011e+02
1.241698684697106536e+01
-1.606289201828258228e+02
-4.030198912649940439e+02
-1.113299497542291618e+02
-1.774100062377520430e+02
-1.618580516061784351e+02
1.254193145946872612e+01
-1.015109726506465364e+02
1.234449532377474057e+01
-3.323725429630728740e+02
-1.894578714585857711e+02
-3.022504135598266544e+02
-3.426807095172595723e+02
1.254138238348144085e+01
-2.280900676677943295e+02
1.242608748284057718e+01
1.251893181326476956e+01
-1.729697141251098458e+02
1.203609707687815700e+01
-2.662542294580608200e+02
-1.280327621565940319e+02
1.234944325897920514e+01
-1.291944363543328791e+02
-2.650458529239617178e+02
-2.722367925327006333e+01
-1.457740809238316331e+02
6.584241870794809159e-01
-2.933509595140930770e+01
-3.664096482761097917e+01
4.022949308248069400e-01
1.256662959350572351e+01
-5.003360631376146728e+00
1.068821939922379727e-01
9.295936554285111342e+00
-8.365067169651446477e+00
3.888933794295372337e+00
-1.999363515585011086e+01
4.582761267330347721e+00
1.246031458575679451e+01
4.712690909575021792e+00
1.059509124581117590e+01
-1.837306948371626447e+02
1.189884706099698519e+01
1.059430054269776988e+01
1.257684035342332152e+01
1.130742626730145695e+01
1.253408913060962071e+01
-1.142632762698262496e+02
1.250132710031088834e+01
-1.120476344257629790e+02
1.062663294334355868e+01
1.222228270546981577e+01
1.018649381912227270e+01
7.834575398736826735e+00
9.733551698951821152e+00
1.141433152078345614e+01
9.001927960867819323e+00
1.252545290793570487e+01
8.761338309588701634e+00
1.017682826891325121e+01
1.157252613715439971e+01
1.188072907071722817e+01
1.043958109713159566e+01
1.153710191160154608e+01
1.065186898452907371e+01
1.234408271576558214e+01
1.078739076247916273e+01
1.201465288687689714e+01
1.081964018044794251e+01
1.046043594907163943e+01
1.159294788564881884e+01
1.247287748570514765e+01
1.251190534258506304e+01
1.236486653390394608e+01
1.096271677219099949e+01
9.499287748521922481e+00
1.710835313524825096e+00
1.234693622420803827e+01
1.229512100101908345e+01
1.234440278617210751e+01
1.193917470844792561e+01
1.245834784505871795e+01
6.338614929664318609e+00
1.221845774235188209e+01
1.257703315362496177e+01
1.244583363360516870e+01
1.233761038229659590e+01
1.101005122431406491e+01
1.037159130733983048e+01
1.028336524784870676e+01
4.170984118332247803e+00
1.216956152459167839e+01
2.233718778962645146e+00
1.253238872556706163e+01
1.240261304644614881e+01
1.023714412086224357e+01
1.246043865279760254e+01
1.043976204533950458e+01
1.223217146575674441e+01
1.212415768675158922e+01
