-2.147644963728979519e+02
1.247896848844199624e+01
-3.919625154837752348e+02
-9.706087482455876625e+01
-7.636315149574416239e+01
-1.842451346952695985e+02
-4.696803784434002296e+02
-3.093936538309153548e+02
-2.481394399213637882e+02
-7.919786646976805855e+01
-6.503177346956800875e+01
-2.415536974611066512e+02
-7.274295288644036361e+01
-1.129703891561916151e+02
-1.024697292879999679e+02
-8.364900705092304634e+01
-7.769480005639580611e+01
-1.594869289671669890e+02
-9.804310728420288967e+01
-1.086020034339336178e+02
-2.734502622347993110e+02
-7.761974398037420997e+01
-2.316424794583004712e+02
-3.324072021116845832e+01
-3.279112574959935955e+01
-2.498122215724777817e+01
-9.156475246960408043e+00
-5.949950531142037136e+01
1.143243210592556913e+01
1.220843596715243606e+01
-4.980609406419720386e-01
1.248573076253687120e+01
1.097488984960487812e+01
1.214201155861110948e+01
1.158607364071432499e+01
1.219215646304843403e+01
-1.388169181363578275e+01
1.064664148107128483e+01
1.063217589843743838e+01
1.232003901218165431e+01
-9.956335823768563387e+01
8.804239980894431383e+00
9.430840017672462494e+00
1.126669817553730368e+01
1.222889395708357796e+01
1.224709564857174726e+01
1.229807242006231682e+01
1.247863733547349696e+01
1.078611310857918326e+01
8.953467334707442049e+00
1.206800023678986555e+01
1.229830825351745993e+01
1.239071186898194732e+01
1.158416130841272818e+01
1.091795872510784271e+01
1.230098822697210359e+01
1.202786487220452116e+01
9.506261842765523440e+00
1.092415772510836192e+01
-7.462286893502280805e+01
1.178881784299004387e+01
1.134519201637913177e+01
1.219296073520299295e+01
1.149019458975651098e+01
1.047299927075183135e+01
1.120700789628171457e+01
1.255353112977314822e+01
1.247530558327537520e+01
9.299765653340823945e+00
1.045878086777370441e+01
1.253081114803742580e+01
1.246952328148562472e+01
1.247096347669372030e+01
1.257967801825863852e+01
8.674408653367621014e+00
1.252881828869819891e+01
1.134960614380308641e+01
1.255216126966841550e+01
1.250193644261016601e+01
1.243087127904347078e+01
1.246984907148288713e+01
1.215713085650054559e+01
1.025168858857543341e+01
1.256202377313845275e+01
-1.910970086092676468e+01
1.229819916921923451e+01
1.236781033788582462e+01
-1.609434690671477881e+02
1.209215415714240116e+01
1.242300235314537460e+01
1.241631637764160345e+01
1.248453476232317172e+01
1.189217613148634989e+01
1.257543304149691288e+01
-6.481311062122505007e+01
-5.215031330709134494e-01
1.255787376667748667e+01
-1.848448065448659179e+02
1.184107915749304496e+01
1.251826701010619480e+01
1.258236381996173670e+01
-3.184723389698759775e+02
7.149643147943326227e+00
2.665414578317975014e+00
3.547746872832057363e+00
-2.352349038717795224e+02
1.237808793483280567e+01
1.054254445100312054e+01
1.246039541716757881e+01
