-2.821954718076453332e+02
-1.020435879642259493e+02
-9.685502738138612244e+01
-1.093477623849239819e+02
-3.305383515288392573e+02
-1.437339338331701413e+02
-1.697905608088307758e+02
-3.931974810419948199e+02
-9.705006355782846583e+01
-3.148684351246014899e+02
-1.306477318278564894e+02
-2.505721549194310853e+02
-7.415141601007951522e+01
-1.284242927460833812e+02
-9.248075112764361450e+01
-1.390634853499007875e+02
-3.336661032182968825e+02
-1.170296219044999830e+01
-1.305927215338664382e+02
-1.630931628487502962e+02
-7.945356477628534719e+01
-7.533109366999286749e+01
-1.976497206408243130e+02
-9.361706020687306307e+01
-3.121720643980811474e+02
-1.067985578198521068e+02
-6.727576208429249505e+01
-1.630824769838241650e+02
1.048835370619913476e+01
1.253395943487009490e+01
8.203807946716182187e+00
1.197785320218596361e+01
8.941072580200106756e+00
1.051171081210643621e+01
8.715887698274961792e+00
1.165300364094981767e+01
1.229772289081856762e+01
5.558270011842191494e+00
1.228323300402326623e+01
1.253583132882801898e+01
1.079431330460498728e+01
1.257016198868700307e+01
1.250524892883249350e+01
-1.291156957225442881e+00
9.882470896187268039e+00
8.023072328802552278e+00
-5.124486073093180494e+00
-7.433705336933659424e+00
1.176855634222439129e+01
9.611701515576214661e+00
8.841090425969722943e+00
8.709155067445873755e+00
-4.630584961972907365e+00
8.402228034225746711e+00
1.249833239167477572e+01
1.121659988218711668e+01
1.250999764266003567e+01
9.483995993445869743e+00
1.065976648929410864e+01
1.252092188192262689e+01
9.334227458482770245e+00
1.228053747116765848e+01
8.484100795443527687e+00
1.015859149761151414e+01
7.816007201027490581e+00
1.253316324145503380e+01
7.665146196600326256e+00
1.048525519928630523e+01
1.220962593983863798e+01
1.248390104239036980e+01
1.242465388593239339e+01
9.647553264248518445e+00
1.229481366258517561e+01
1.138408891271762968e+01
5.607697948121762366e+00
1.109953108473519734e+01
3.338900200261818441e-02
1.256923965763111006e+01
1.218986400037561424e+01
1.216896922832007277e+01
1.031152013333963957e+01
1.056961984836829771e+01
1.234884320739769947e+01
1.226163468116140542e+01
4.888477844189834443e+00
-1.564860708428297364e+01
1.206368262443474570e+01
6.335739507608103338e+00
-2.216879347862160330e+02
1.130254007531412697e+01
1.227139327212436370e+01
