-1.121467607202951058e+02
-1.348648472064114969e+02
-1.464215458072186493e+02
-2.063854399771987573e+02
-2.279050233450722089e+02
-2.709071233268870174e+02
-1.127083906300377691e+02
-2.234343953093595303e+02
-1.811245327953624837e+02
-8.820218335335412974e+01
-1.980814878799942278e+02
-1.291727735578153897e+02
-3.496419635541826096e+02
-1.255314269832604595e+02
-3.010412259558842720e+02
-8.375808423707218253e+01
-5.585951332727040608e+01
-5.479527270871831490e+01
1.179753070809577764e+01
-2.763662973769405085e+02
-1.907189549644804458e+02
7.749428983657592696e+00
-8.978205780726501217e+00
1.234112842697368428e+01
1.242235839472074055e+01
-9.919693989854756921e+00
-7.101879642727304542e+00
-6.789360973855042403e+01
-2.438848854222592593e+02
1.249221129892290705e+01
7.833248136168407427e+00
7.471840023603299130e+00
-1.554932682108160691e+01
8.768326232736427528e+00
-2.992955275040068841e+01
-8.260434065474129284e-01
-8.016964581252624100e+01
7.916460375866718913e+00
1.238670531572836531e+01
1.013206039124890268e+01
1.075945022363262460e+01
7.051945810179739205e+00
6.656819831163229395e+00
1.085658983546587564e+01
1.001262047038161995e+01
8.254410596360347796e+00
-1.798481453472329150e+01
1.245973221378578977e+01
1.251072379682647728e+01
1.252114150800468195e+01
5.463684323817169286e+00
1.247624972473225391e+01
9.932614516911074887e+00
1.098198488913590154e+01
1.233568752870616159e+01
1.252419749277155248e+01
1.212676140633502264e+01
1.253854062172651496e+01
1.237343868139334191e+01
9.666932346766884621e+00
1.246777907380292305e+01
1.246277160936330120e+01
8.474646132168729196e+00
6.460553597563306383e+00
9.765326749600776068e+00
1.228601638685215569e+01
7.131263534569246332e+00
1.250686469065234263e+01
4.457242915190610333e+00
9.585401231724734572e+00
-1.011083283998575553e+02
1.218036313642885027e+01
1.159737169546325397e+01
6.383259271536269708e+00
1.253731503299153971e+01
7.589413725561501067e+00
7.814059663040704429e+00
1.246605599275429732e+01
1.238441671425611190e+01
1.194486406340402063e+01
1.214804271561153826e+01
1.188913510330498724e+01
1.250006188242281091e+01
1.019169873815097205e+01
1.257684721808660022e+01
1.213904211384200416e+01
1.224902860254810477e+01
1.233160777391751317e+01
1.235667204155996579e+01
-1.999102416847865271e+00
1.248491378717999822e+01
1.121884640413041900e+01
1.219983860916493157e+01
1.080286971785415417e+01
1.247422901951173735e+01
1.249110415304678234e+01
1.233555368488119086e+01
1.231868983115290739e+01
1.256725554999193584e+01
1.115728265165171251e+01
1.244416523957612242e+01
1.084472154480831030e+01
1.226359844170890234e+01
