-2.516246453714413462e+02
-1.281795997244892646e+02
-1.643678883976777456e+02
-3.178439741129186018e+02
-1.288650500417333831e+02
1.223778857433308254e+01
-1.863814610370108369e+02
2.669652037356403440e+00
-1.124945129451378278e+02
-8.523794349241421742e+01
-1.716910879430459715e+02
-2.371242674682802942e+02
-1.274647406866841095e+02
-4.909608572037886631e+01
-2.280945754544085844e+02
-1.904553616057636702e+02
-1.006314947267154736e+02
-1.703173210025507558e+02
1.252748975235230766e+01
-2.061446335746032048e+02
-2.904908869229299739e+01
-2.042362312620333853e+01
-6.240254222261970796e+01
-2.050038423401340282e+01
7.545694965364718954e+00
-7.827267284576608120e+01
4.308306751694749082e+00
1.042417839448973282e+01
1.365587681831891942e+00
1.256206154920627505e+01
1.244272929898171043e+01
-2.458448210000445755e+01
5.664145325525502983e+00
1.228189518912279610e+01
1.008359706746813345e+01
-9.807620382129135450e+00
1.250986468875314017e+01
1.236011215897259774e+01
1.138088859001216235e+01
1.178918459916656758e+01
1.252392152825312799e+01
1.151115149852689612e+01
1.253517436420828801e+01
9.736758987835070656e+00
1.089640197844109082e+01
1.118347023565705456e+01
6.712909015713107053e+00
8.021467564152777285e+00
1.019832109328375580e+01
1.129917855538322513e+01
1.107946217763588592e+01
-3.722740204757452886e+01
1.081085967963787198e+01
-9.794840014409356144e-01
1.248931202982592303e+01
-1.456701550364364905e+01
-8.346748292217316845e+00
1.077854222644960203e+01
1.076247084670669452e+01
1.207931532913648809e+01
1.093478463043104831e+01
5.906460935045606320e+00
9.160450013521320045e+00
1.244118954292564716e+01
9.285634649272175523e+00
1.181609758558550460e+01
1.140846783675860010e+01
1.242943073360233086e+01
1.164275877602966247e+01
1.090536355484426778e+01
1.240018728481742016e+01
1.240480670330653901e+01
1.232851719880828156e+01
1.140681091379362222e+01
1.207364740601779474e+01
7.688119485111570839e+00
1.223791005269140797e+01
1.225239063395708783e+01
1.184761114145897665e+01
1.177670902554042520e+01
1.252929892616339913e+01
1.257397823563928441e+01
1.233698168562353814e+01
1.254750158658804793e+01
1.221553284984159760e+01
9.736972671689468228e+00
1.224231927734645886e+01
1.241823916592446153e+01
1.232245529205169454e+01
1.086476449154702095e+01
1.165540435690032339e+01
1.231520449965496766e+01
8.060601941095384859e+00
1.104587057198115474e+01
1.234864902457483993e+01
8.740865206586919456e+00
1.155811240873873658e+01
1.105358918020694503e+01
1.171362817778361887e+01
1.026534684120997021e+01
1.013412962408917117e+01
9.415520115166641446e+00
1.135654531743245421e+01
1.187577188901748215e+01
