-3.174822236331443150e+02
-1.536374662021620736e+02
-1.241682186704228599e+02
-1.098927690089670648e+02
-7.621037335505337751e+01
-1.012594030711879327e+02
-2.957109685664410677e+02
-1.915438350149786402e+02
-1.091535336456269505e+02
-9.072906139076344800e+01
-1.146831335579714022e+02
1.244221541971653622e+01
-1.855886615141104983e+02
-2.637683766292693690e+02
1.250094259805006125e+01
-1.724258218202731143e+02
-2.028781148738502509e+02
-1.669272689175209621e+02
1.241880906162476883e+01
-1.023922376383297177e+02
-1.853300854575775816e+02
-3.110831063261073837e+02
-6.173340625048165009e+01
5.959605809089833173e+00
-6.846136617831395199e+01
1.162908750170020156e+01
-8.144251566924917540e+01
-1.670465728705715094e+02
1.220730313568016712e+01
-1.798704456154984754e+01
-1.882379247536270839e+01
-4.208017053192598667e+00
5.548956824595425275e+00
-3.530222437584786377e+01
1.221452456069428649e+01
1.245627967803691760e+01
8.582968602492680787e+00
1.248539995349230836e+01
1.257358890403158291e+01
8.054763608134427599e+00
1.240550567932264414e+01
6.991710717510004613e+00
1.227334544499720970e+01
6.345667100679253991e+00
1.254389288093863897e+01
1.003553865553338120e+01
1.000773309985392245e+01
4.202257893527775678e+00
1.067760450964782137e+01
7.531134083767090814e+00
7.550733967810629998e+00
7.313466423447345655e+00
1.251987009723346134e+01
1.148111813400894121e+01
1.153805681817671669e+01
8.790901005709006455e+00
5.025299588575323995e+00
9.455481634249293776e+00
1.063986220717617570e+01
-1.731606051749352204e+01
1.254900525682867674e+01
1.171850885680400189e+01
7.804399756461358528e+00
1.250363164235036173e+01
6.818074834456771427e+00
1.160827360780714912e+01
1.101796459572987175e+01
7.792919083061040197e+00
-6.529094318978629019e+01
7.003730782644996822e+00
-2.829715786006831379e+01
9.400384701552255251e+00
1.238364111813052837e+01
8.436920185962915042e+00
7.689502116560827716e+00
1.221238146704032168e+01
1.060458834195950750e+01
7.818437935137804828e+00
1.043685811452358081e+01
1.204515818270509264e+01
9.586646850531556296e+00
1.249986012171258309e+01
1.258278596357263979e+01
1.117676321994342459e+01
1.188640435009148710e+01
1.025857752398590605e+01
1.041821931236183474e+01
8.197566482619492945e+00
1.186301036859591385e+01
1.242856937606673107e+01
8.703867443871668996e+00
9.965443640330320818e+00
8.894719699327024998e+00
9.367560178965064210e+00
1.166860470919245785e+01
1.160810424897978166e+01
1.247462974250047552e+01
1.249271519978294620e+01
1.226081735716038601e+01
1.223411130027493954e+01
9.427775816298542111e+00
1.227879629216609025e+01
1.046268942416994463e+01
1.229308478846046349e+01
-1.750888987889965875e+01
1.235010522505330677e+01
1.236526014018621922e+01
1.229018211353725043e+01
1.222813508432735041e+01
1.244190310026628055e+01
