-2.968661219403507801e-01
-2.773555784802173889e+02
-2.261475271234764364e+02
-1.721365890920737058e+02
-1.662536147337555406e+02
-2.632754769328688553e+02
-8.133131376674560897e+01
-1.514263553348001210e+02
-2.833038807102833516e+02
-2.339945201406757462e+02
-1.851104892133105579e+02
-1.475977605380491298e+02
-1.907883447705313245e+02
-2.718634005061624066e+02
-3.176850466740842762e+02
-1.419329135253306902e+02
-2.348421924032082870e+02
1.258322490490560952e+01
-8.142196537435505377e+01
1.219759261910639481e+01
1.205282906214066685e+01
-3.500973064444523857e+02
1.256327367515639004e+01
1.248826882804238103e+01
-5.415302409286518781e+01
1.235199651925091935e+01
-6.303419905528716782e+01
-4.184096079305749782e+00
-4.782915006156390092e+01
-5.694032259565656773e+01
-9.850736468016857827e+01
4.833196927095606554e-01
-1.596260059441604824e+02
6.916769574499610940e+00
-1.011147443229702603e+01
1.253590550678283932e+01
1.216841505939704859e+01
-9.478768089921423723e+01
1.228858373009301808e+01
8.613151438891891942e+00
9.331877399968611542e+00
1.244485206624513651e+01
1.211462725848590694e+01
8.974953415534123735e-01
6.084076429693411114e+00
8.535302339651995140e+00
-1.411728285205853410e+02
1.148525603520280569e+01
9.214919945864171069e+00
5.251112067984889720e+00
1.053013618462468770e+01
8.142598713547997136e+00
1.195394146426039583e+00
1.019859212312794838e+01
1.244544280013477078e+01
6.703471600058408697e+00
7.983393614722478659e+00
3.060663921966062517e+00
1.246481521791760727e+01
1.253791782735236993e+01
8.125467174016490546e+00
1.223290657254060143e+01
7.825341440513038371e+00
1.209857138120890596e+01
1.068214465832275550e+01
1.028542582311463605e+01
2.116813331647515284e+00
1.242713908568246950e+01
1.256897688565024396e+01
1.023091065336210725e+01
1.233315029729030776e+01
1.093909311454156708e+01
1.146788865691448223e-01
3.714563189630922579e+00
1.245834420300302625e+01
-6.022168906759990392e-01
9.565159773818425748e+00
1.120369469191365930e+01
1.036755168240722824e+01
3.258944481146400562e+00
8.048171845677138947e-01
1.058921515059292062e+01
8.451861861087081707e+00
-1.474889317027028746e+01
1.255393611851312485e+01
9.792362359158136798e+00
1.184378604640691535e+01
1.160745271395521172e+01
-2.004371113183976405e+01
-7.389030476887637633e+01
1.235944927093094847e+01
1.252871696478863761e+01
9.074618424135479700e+00
1.170375309260215602e+01
1.253500236738888773e+01
