-1.572218506033381402e+02
-3.542962508804534423e+02
-3.222856283116501572e+02
-2.442238226049622085e+02
1.252108755219636471e+01
-2.668695317175909167e+02
-9.725708882574271286e+01
-1.605619034789955890e+02
-1.528615848258740471e+02
1.255334496371596487e+01
-7.170890660942249895e+01
-2.135623042225297468e+02
1.207550107826246943e+01
-1.664381819354983065e+02
-4.216980088557355657e+02
-1.676900899535730787e+02
-2.876975703803703368e+02
-2.799423646780028321e+02
-2.568754337079399619e+01
-1.680502146105814347e+02
-3.039300547904315977e+02
-8.047149751622745839e+01
-1.176435349963792731e+01
-1.648899850006678776e+02
-1.429768310371505038e+02
-8.412262599103145533e+01
-7.544206508580437287e+00
-6.023938142018305797e+00
1.020407007047463566e-01
1.245257515910352986e+01
6.496526596224461159e+00
-3.289427462722080975e-01
-1.977375620784169286e+01
-2.262515803178221319e+00
1.227384425896442366e+01
4.547339097852349354e+00
-7.909763369418240586e+01
2.924443687769120004e+00
1.254334724203873641e+01
7.155867763017822902e+00
9.610320735937378345e+00
7.903561466216044273e+00
9.674116141349639264e+00
-2.752346145266461264e+00
4.913157207742390398e+00
2.788193007306841054e+00
1.192668878089882512e+01
8.509612793212395943e+00
6.021516183272270339e+00
9.659935556257828182e+00
9.400439052226243319e+00
1.221055310369286140e+01
1.057074165870240456e+01
1.218569467259510830e+01
8.647197104337113416e+00
1.170222473204348823e+01
1.244095492337441300e+01
1.222243999958139504e+01
1.215884222654520741e+01
7.075711111292325661e+00
1.196179641836636520e+01
1.187850323145911879e+01
1.233078490473673128e+01
1.244050185313082224e+01
1.257024897385099038e+01
1.104999485565909367e+01
-2.621815422414728403e+01
1.251211748921795497e+01
1.247244788067245125e+01
1.128960220499109290e+01
1.194004728399384518e+01
1.116654279389907245e+01
9.781788669012840387e+00
1.213854233716679687e+01
1.073516595063836832e+01
1.107624935859857018e+01
1.255144678965482008e+01
4.656887808126803918e+00
9.413216713941501723e+00
1.210073415781531381e+01
6.901596347151849997e+00
4.808544310365356012e+00
1.195982136677863039e+01
1.013113724174966634e+01
1.023329014109043200e+01
1.235552948886095948e+01
1.189765609877123609e+01
1.207641061773241020e+01
9.227864543611003612e+00
1.241135647340935044e+01
1.197031569700813769e+01
1.241585796817051346e+01
1.243625725015925632e+01
1.234902412940155436e+01
1.101874266751401521e+01
1.085119046426438416e+01
1.122431638756897421e+01
6.101800698565051917e+00
1.252514328939544974e+01
1.248621793498368504e+01
1.137865543516030087e+01
1.248597281502352629e+01
1.224668647977193814e+01
1.219977561352589746e+01
1.210944274997152981e+01
1.081392609932196081e+01
