-9.076258183746931252e+01
-2.479875864883013890e+02
-1.643251518579554329e+02
-1.049485978318237613e+02
-8.475758402229800481e+01
-1.636256703227350897e+02
-1.132092559569953210e+02
1.238699900766524031e+01
-1.210816385245252604e+02
-1.069000971623768379e+02
-1.159688730618666455e+02
1.252151250910791802e+01
-3.116169187775776095e+02
-7.766306656157567545e+01
-1.676572429505387518e+01
-8.641450407801681877e+01
-2.156732205209281688e+02
1.241394266175146299e+01
-1.426294886364071033e+02
1.010435608676531594e+01
-4.052797851172640975e+01
-5.420580770023512684e+00
-3.890881364272022580e+01
-2.171551933964548198e+02
1.249191331142588979e+01
1.196493871283779598e+00
1.167947317897349180e+01
-1.179223983249826802e+01
-9.086746852720050782e+00
1.241853905062424523e+01
6.077466714820689120e+00
-2.783420024928147996e+00
7.692089532626646964e+00
-7.915796497796408460e+01
1.245504031308188786e+01
1.125243922898628668e+01
1.236241647972495983e+01
4.224576676153295907e+00
8.815089138853430484e+00
1.254455796947835999e+01
1.215228533471597494e+01
-2.080499514489667234e+01
1.070374952058452322e+01
1.256006588136910018e+01
1.244901801528615692e+01
3.050927999752644837e+00
1.141268872971984116e+01
1.191978264762511586e+01
1.026611966015422439e+01
8.650838147311709747e+00
8.080519907378350908e+00
1.230881537396563097e+01
8.451692771415380889e+00
1.011376091545652756e+01
1.256184204088057221e+01
-1.730625860425041083e+02
1.198622477750364723e+01
1.133371239683697240e+01
1.195701902792867699e+01
1.189776326716304133e+01
7.636357198329766227e+00
1.017359770147509757e+01
1.241851002355157085e+01
1.211029315909783577e+01
1.171272598501142426e+01
-4.573273225402995479e+01
1.248631764973756120e+01
1.165255038769393181e+01
9.431786664951946619e+00
1.150013235730439654e+01
9.336129656972076418e+00
1.257320569319243830e+01
1.237878157062499440e+01
7.785659505222014332e+00
1.042058554642195922e+01
1.220501669540325196e+01
6.344146206486829698e+00
1.243909067431525450e+01
1.216159271148675813e+01
-9.353353070557554361e+01
1.217445112300234022e+01
1.210617957023674762e+01
4.487566583334691828e+00
1.200654015307380895e+01
1.201560620342206498e+01
1.232056222928177469e+01
1.220487827488153165e+01
4.166202373041956619e+00
9.284082465440782528e+00
1.211270591966606247e+01
1.200246777670371756e+01
1.002517382986595251e+01
1.054812053058020282e+01
-3.083349208834063688e+02
-1.150253314311916313e+02
1.012121723403729412e+01
7.034131944163987349e+00
1.187089753950661652e+01
1.225184751586517606e+01
1.205219106413048635e+01
1.030838508307155266e+01
1.043655799397114592e+01
1.236997693724404002e+01
1.179077631923196279e+01
1.059543061410293774e+01
9.436412504879022833e+00
