-2.701771493295379400e+02
-7.270237714065837054e+01
-4.246928130214657813e+02
-2.492137693278042718e+02
-8.724356658694323130e+01
-1.995373930271747724e+02
-2.485427243079515165e+02
-3.216080684865801231e+02
-1.748941675521199102e+02
-7.678893845720388356e+01
1.245433883114410989e+01
-1.989720899089815873e+02
-2.235059708636394760e+02
-2.380536894836793635e+02
-1.873810329209498491e+02
-1.418272114367209156e+02
-1.800232323671072550e+02
-1.348327620131427125e+02
-2.846866607890765977e+02
1.256344346396689460e+01
-6.098165395472776140e+00
-8.246196775529102752e+01
1.246381731539951687e+01
1.225947117200590775e+01
-9.901844472526816787e+01
-5.945616235760956414e+01
5.874740912527393277e+00
-8.037981148466515435e+01
-6.479811699821358673e+01
-8.941002232264688132e+01
-2.320721193539333456e+02
-4.790207918766444806e+00
1.220037546280286200e+01
1.247027025954043111e+01
4.632901500798148220e+00
-7.666487870854997766e+01
8.187378398063815510e+00
-3.676547213725849161e+01
-2.490107223910509759e+00
1.097571017981649533e+01
1.209551051480228878e+01
8.083921579239870425e+00
1.112732978969922648e+01
1.169251543281054140e+01
1.214869784908544403e+01
1.248472693062434757e+01
1.142790065071211281e+01
1.252429782738895270e+01
5.967683192455007557e+00
1.079095453810025518e+01
-2.046724308651980380e+02
1.181377832401378747e+01
1.216909328578976712e+01
6.960445080690691455e+00
2.131031657669701929e+00
1.199210692772958353e+01
-1.313268231145243305e+02
1.549574952626837643e+00
-1.683851065154162541e+01
8.728328472702763463e+00
8.636976073377910623e+00
1.236756629677532260e+01
1.189866732331093502e+01
1.189571176474342806e+01
1.243707032811659374e+01
1.235150417661140843e+01
1.249766166151731461e+01
6.909184993288011611e+00
1.045943348382222737e+01
9.663974968128201226e+00
-7.941664533835104578e+01
-6.765932854631576276e+01
1.195595649693665230e+01
1.135955961244448353e+01
4.969330202933353036e+00
1.122453544217176180e+01
1.218889524121951951e+01
1.239014427573466470e+01
1.214998543825953981e+01
9.621583450574316743e+00
