-2.778383038928325846e+02
-8.705702850505258539e+01
1.228568824436613838e+01
-1.432020032227002275e+02
-1.106100611345655835e+02
-2.485322982865264123e+02
-1.509261635843770364e+02
-4.123233738143737241e+02
-1.778744362524587359e+02
-3.126655236389811421e+02
-4.639094320233894564e+02
-1.568089222022541946e+02
-1.557007061764069249e+02
-1.402037307126561245e+02
-1.530752167071171357e+02
-1.305902748113974496e+02
-1.769935780873333897e+02
-1.790432393809377345e+02
-1.025518227107022398e+02
-9.477656900975605936e+01
-9.137617761180335663e+01
-2.562923528227769339e+02
-1.703885016801526717e+02
-9.734789278796935719e+01
-1.220115537096580738e+02
-1.016936921602201096e+02
1.256564739223233929e+01
-1.038934498457205109e+02
-9.577691386989741318e+01
-2.884306976022256208e+01
-6.341106068943276597e+01
-5.756030559461853358e+01
1.244533418702997807e+01
-2.801781175080049735e+01
-4.000866801079289559e+01
1.254594145152721829e+01
1.236358236446325520e+01
1.180889336023014735e+01
1.254944072907529851e+01
1.254888518421856780e+01
1.256984115677913749e+01
1.171239884956119681e+01
1.237921117148774286e+01
-1.550355477476902166e+00
1.241775048986412955e+01
4.669557829470605270e+00
1.064038473748382430e+01
1.256996673224254124e+01
1.051007257130286909e+01
1.037541638246564801e+01
1.113472512210097953e+01
7.381170933269549650e+00
3.187987436828896293e+00
1.077225367037045700e+01
1.011976598520077530e+01
1.134788646004807333e+01
8.987166460602967533e+00
4.524054662810533145e+00
7.448533493822529827e+00
1.224683712199498231e+01
1.248327345051717785e+01
8.390694347144863841e+00
7.089829079056311656e+00
1.224716076264641096e+01
1.144977238785018692e+01
-2.937404343720327233e+02
1.199105515788040499e+01
9.208580554134947249e+00
-1.118136421065217405e+02
1.009095344137507944e+01
1.121274742366998112e+01
4.121113351076866493e+00
1.118232406935085876e+01
1.177670315144294300e+01
1.098836023984265609e+01
7.138110939898884233e+00
6.783743206278201043e+00
1.045983949144356728e+01
7.674713913854786185e+00
1.257726921114625718e+01
7.384940306432926427e+00
1.180295511502085049e+01
1.255668994659800575e+01
-1.254680736427186183e+01
9.790298494254681572e+00
9.771420985784075697e+00
3.574101928874812373e+00
-4.800088055657123931e+00
8.298923020292271246e+00
1.046603559115908944e+01
1.130364932181053206e+01
5.090658535094128467e+00
1.239506774979372850e+01
1.027674817535555363e+01
1.143807739053076133e+01
1.065227738849006656e+01
9.657200321233080587e+00
7.630057052528659511e+00
1.224425858684350210e+01
1.244162776580212615e+01
-2.341506842941060285e+01
