-3.771574696096001844e+02
-7.349154810112351299e+01
-7.060993452624235545e+01
-7.695815953439483792e+01
-9.232485275835526295e+01
-2.254999627360026011e+02
-1.992548128608713682e+02
-1.662852309841791509e+02
-2.742112413122138719e+02
-1.564032647871414383e+02
-1.540589271213639506e+02
-7.665750293793169590e+01
-8.114745339158338311e+01
-1.697090533810942929e+02
-2.506129453197399073e+02
-1.871897305329109429e+02
-1.614838333003947639e+02
-2.118772082867057236e+02
-1.578389123730706558e+02
-2.232198439617461645e+02
-1.377330645814575405e+02
1.247887369624628739e+01
-1.278683760065283792e+02
9.172368012793622682e+00
-6.831466856505275587e+01
-5.858573669389347316e+00
1.234622706409168913e+01
1.057612706548437131e+01
-1.390720755402640236e+02
-6.373562148548511885e+00
1.228972188672506860e+01
-8.597902426429469358e+01
-2.010365084576534969e+02
-2.125122245287283107e+01
1.157877858395578485e+01
1.244539814654852350e+01
-6.896424605651448303e+01
-1.863067101188416785e+00
1.241156582236873263e+01
1.244998123683584090e+01
1.233573952041518140e+01
-1.438326971165135859e-01
5.731992121187229117e+00
1.251782019362180520e+01
-9.327241778621007029e+01
-5.433406583684767810e+00
6.167525845673116791e+00
-2.640830527041342890e+01
8.745712821355940747e+00
6.416975806260438731e-04
-9.273021156801219433e+01
-7.801155572711856223e+00
3.005301831882235319e+00
6.844304005931208579e+00
7.424634037562262812e+00
1.202334287148089054e+01
1.247492611182288336e+01
7.633720582420135514e+00
1.240576305538680479e+01
1.152827953807491390e+01
1.079974548800211664e+01
-2.076433965062312836e+01
1.246230131968451715e+01
8.357069311988926330e+00
9.789897202297545675e+00
1.249294293183899107e+01
1.142236838505973573e+01
1.237296916456388729e+01
1.240594284200135533e+01
1.232703424253415569e+01
1.212198733048972343e+01
1.253664004928367781e+01
7.903405772467188228e+00
1.238960201456274035e+01
6.606032767029251573e+00
1.140294914022667250e+01
7.877317400628557564e+00
5.386440019494386888e+00
7.243146330722405324e+00
2.456430785425611774e+00
4.249949342458743118e+00
1.191600645745555553e+01
8.943053387938192600e+00
1.009890017601604484e+01
1.214085487508612182e+01
1.244287664439521990e+01
1.157198154220198028e+01
