-1.590579313309327176e+02
-1.213120928504503979e+02
-2.400202605688254209e+02
-1.115891071334948066e+02
-1.553260297451694782e+02
-1.915143219948239448e+02
-3.365027019223165894e+02
-8.544222762078452149e+01
-2.226809971008321440e+02
-1.704031405821940268e+02
-1.465756558389147699e+02
-1.142091084139603652e+02
-1.238955356454494563e+02
1.247706962195253233e+01
-1.830644379309696035e+02
-7.666323298653327356e+01
-1.031878628532932538e+02
1.168004590530948228e+01
-2.832705934894448063e+01
-4.162791653085012200e+01
-1.596734726479969169e+01
-1.676555197275089171e-01
-1.298310146641248366e+02
-6.353392409647128147e+00
1.238402753405679135e+01
1.106318791627356646e+01
1.225419946265436266e+01
8.723655161125952517e+00
1.199531214788268585e+01
1.241382982041962357e+01
1.256645931853866216e+01
1.112634996222945460e+01
8.912108420962836064e+00
8.595849012964741576e+00
6.545398245863383480e+00
-2.691656427183225730e+00
1.163942426215101378e+01
1.093086229176024204e+01
9.195185837295024811e+00
-3.711383302011146412e-01
7.070894760463523276e+00
4.956246643287251175e+00
1.210942177025503241e+01
1.224115973551250036e+01
9.097271071886392946e+00
5.528199812059376939e+00
1.111903403247027278e+01
9.867310555316787912e+00
3.671228886080493581e+00
1.234902069055191376e+01
8.224136730947927632e+00
1.235897040420830351e+01
1.090809535845562195e+01
1.254843561591534318e+01
1.251241450996680449e+01
1.244633203016134892e+01
1.197040766447330995e+01
1.068098000907531286e+01
1.250365041762911744e+01
1.175873278689396173e+01
7.417420039916946983e+00
1.212354992216428151e+01
4.635905238927993111e-01
1.191006933833757486e+01
1.198057632844074583e+01
9.329915128390158685e+00
1.204139058850314115e+01
5.163193230352838725e+00
1.249153924927592563e+01
1.253329367866244226e+01
8.945281554834803472e+00
-1.602899707773356397e+01
1.253847802988951443e+01
1.198378424755543747e+01
1.256079265739534279e+01
1.015193165622592097e+01
9.274362919523568394e+00
1.175801548058497659e+01
1.161411308991303315e+01
1.245828065287417985e+01
-1.925118497768927170e+02
6.343531916104833357e+00
1.244719807265571276e+01
8.937285417854283764e+00
1.170060850778996020e+01
1.220685223182258561e+01
4.784437017027507011e+00
1.019431282882908718e+01
1.035430298377466585e+01
6.565535734046045846e+00
8.127272711912880254e+00
8.804844683112454717e+00
8.735766815791535578e+00
8.342580639176205182e+00
8.274930966694629575e+00
9.334986054997591154e+00
9.704385501394430236e+00
