-1.058431738863143039e+02
-2.106847702266238400e+02
-8.407212835824898889e+01
-1.193204336513457378e+02
-1.703290259592425571e+02
-1.974471741003073078e+02
-3.156331484613493785e+02
-2.205626191177056796e+02
-2.176114973873885674e+02
-1.546194781688499518e+02
-1.150097264062065534e+02
1.191193525968764000e+01
-2.916959117267948045e+02
-1.537640832996547715e+02
-1.716308760681405943e+02
-1.930857373266123602e+02
-3.552530078892472432e+01
-2.230789072436756157e+02
-6.606506651262102991e+01
1.193833713355787651e+01
-2.780236316170057194e+02
1.239910029521761459e+01
1.249159521372306791e+01
-3.841805846363412797e+02
-2.832215660354894382e+01
-2.507867827640102831e+01
1.065360279624222528e+00
1.254294596569656051e+01
-6.155306801799241612e+00
-7.010267087443818212e+00
2.476812092084498929e+00
1.212168441130703300e+01
1.254006435545597853e+01
6.019907926870576631e+00
1.135336687779407683e+01
8.577963727430766738e+00
8.343873498959531787e+00
1.172979199551440388e+01
1.107579279683347373e+01
8.652416926848207623e+00
1.098061253093759149e+01
1.083173584801500589e+01
1.180879438340548049e+01
1.049052397786526036e+01
1.236865626380166994e+01
-2.034268804026625332e+01
1.012281537820904020e+01
9.884868532401267061e+00
-3.022036540427830431e-01
5.833557569804105114e+00
1.110428663152571893e+01
4.755748278626430903e+00
4.966405316956722160e+00
8.851358429187680343e+00
8.096059787191624224e+00
-7.814446678456513951e+01
1.157353390452535891e+01
4.487274738575294464e+00
1.243022300601107411e+01
9.943421226526172774e+00
1.141049834478008407e+01
1.210772629670494638e+01
1.093048915219160477e+01
1.257105523262118929e+01
1.253817331686368419e+01
6.508203267927511249e+00
1.146750826756707831e+01
1.203162276088311522e+01
1.183899732000915783e+01
1.103810329878488261e+01
9.534313118666180031e+00
-3.370909285022175794e+00
1.120520398739113510e+01
1.129413763463013076e+01
1.183537112834460814e+01
1.239586898771361589e+01
9.602899959355863047e+00
1.203240894210421885e+01
1.242303874438698585e+01
7.296734835236782679e+00
5.827910360769529063e+00
1.244836395119090255e+01
1.046887803459936350e+01
9.205859915929476500e+00
1.044825986810002050e+01
5.307107577742362636e+00
9.383802351973066891e+00
4.862368327485576458e+00
3.358331006359627224e-01
8.889996725743909423e+00
6.236609585769356201e+00
1.255947980571073153e+01
6.547767085151910749e+00
1.233338988256089230e+01
