-1.826783453022136143e+02
-1.461568770364667671e+02
-3.659284049445406595e+02
-1.153902008071172247e+02
-9.110035949735313920e+01
1.253012314213547995e+01
1.256822413444183439e+01
1.255837760987451546e+01
-7.788400399556941522e+01
-3.249069972328579752e+02
-2.962975675497301609e+02
-1.713024541800751024e+02
-7.997366695009441173e+01
-2.963861685617305852e+01
2.420350472076513881e+00
-3.119160187167988596e+01
-4.491051528161419526e+01
-5.410677239087436163e+01
8.344774713526120991e+00
-2.636001419222075697e+02
3.596572496127935281e+00
-6.780521014052524720e+00
1.122992452254180407e+01
1.072989796435441789e+00
1.029554351907466625e+01
-3.504104332885908946e+00
2.605562562988152919e+00
-6.950378176305861189e+00
1.246544700418635188e+01
1.254957125945955809e+01
1.020408389405648819e+01
1.237243869565666188e+01
1.002166486403167944e+01
3.441227189785861285e+00
8.774424549746186131e+00
1.228199033463429757e+01
1.080826068645107796e+01
1.239782231544600322e+01
9.141583949593673708e+00
9.293761730089126871e+00
1.203153855196178590e+01
1.232030382592661510e+01
-3.116267966650261201e+01
1.085774630948557018e+01
1.236280563421614964e+01
9.097309449856885166e+00
8.139186660356237724e+00
1.120398577465693002e+01
1.206823145343473946e+01
1.252796141491534598e+01
3.652666763724495169e+00
1.241637721562714702e+01
1.251286890262908003e+01
1.170814873318114913e+01
1.143439991670344291e+01
1.021705789103642914e+01
1.166437577033584283e+01
1.244581349350846899e+01
1.204763490348685195e+01
1.211345733792109414e+01
6.419074540594328582e+00
8.530287577266623344e+00
1.249244556646079474e+01
1.240306845027675919e+01
1.222213527367166819e+01
1.256412756890975047e+01
1.253970580829532366e+01
1.241109042137368945e+01
7.139333115940217134e+00
1.091206377099189240e+01
1.198781148599012880e+01
1.067270265487675474e+01
1.249625626934864009e+01
1.225135310114220566e+01
1.247890310712064377e+01
1.236306002604010246e+01
8.032455430595401680e+00
1.024376790030644102e+01
9.417799224313366580e+00
1.196843825851765075e+01
4.340665715372907130e+00
1.229315584226642244e+01
9.959132262977426819e+00
1.245746625604834179e+01
1.248465884879478338e+01
1.256282417800453111e+01
2.971022092966048689e+00
1.080266894155002433e+01
1.250500498534418270e+01
1.193314180647867673e+01
8.964861802730180074e+00
7.659243850240514462e+00
1.167220988936634107e+01
5.643679435599922911e+00
1.200645112086407273e+01
1.182318548055888208e+01
1.030764896686582155e+01
1.218981224392700646e+01
4.896202275446448482e-02
6.171989486424971361e+00
1.037710129404333514e+01
9.420181068140657032e+00
4.018040505619682179e+00
1.168359213025992638e+01
1.076642692435535054e+01
1.114097226949855468e+01
1.098165934082315864e+01
4.429173404181376839e+00
1.672987563697722280e+00
1.257656029172869694e+01
6.492228730326967678e+00
1.205902956145827787e+01
1.221656185720629573e+01
8.603262638727720457e+00
6.590613663565408231e+00
1.126750826062252564e+01
8.187448575656372185e+00
1.202960319130840183e+01
5.389958348718003833e+00
1.189550701046056602e+01
1.049472375953891046e+01
1.217943288829684256e+01
1.236918020912156102e+01
1.212233339308377289e+01
8.599272638107091637e+00
