-1.861211910341740463e+02
-1.094122818057575870e+02
-7.920937688777226526e+01
-3.509348430873626512e+02
-1.423871187252606774e+02
-8.317425378772811939e+01
-1.502056439178466576e+02
-1.172169220289079021e+02
-4.238074998267391038e+02
-2.351307754743716032e+02
-8.084704475649573396e+01
1.256508854322495772e+01
-1.350250026999997033e+02
1.251838605786740466e+01
1.237002313617801263e+01
-1.758318419092345266e+02
-1.952106459896586443e+02
-1.095553043674305655e+02
-1.355966723275221568e+02
-2.718738835851027034e+02
-8.817845560948889272e+01
-4.710161235747833075e+02
-1.368274192465061958e+02
-8.373402396738130449e+01
-1.010758087498178952e+02
-1.014822930545239359e+02
-3.832546984911184040e+02
-7.285068675423424622e+00
1.250543092049777627e+01
-1.286797654045635966e+02
-4.970593721779704310e+01
1.245067890604507710e+01
9.289250536970996563e-01
-3.493947546991578861e+02
-5.631891667584968530e+01
8.030998885982256752e+00
-4.218407616089665169e+01
1.254403029370285694e+01
-2.843685300243873826e+02
9.722704775981091174e+00
1.249430286940186718e+01
9.424829712876235277e+00
1.254832752111474292e+01
1.209720713302907313e+01
7.822434934051349487e+00
-1.764908458736461938e+01
1.666157520932944891e-01
-1.435527769775862694e+01
1.248845306288000856e+01
8.894854157669755068e+00
1.256146407065189585e+01
1.212243716705557262e+01
-4.915455039025875550e+00
8.395390427601302719e+00
1.001481345383533039e+01
9.689419061079094675e+00
1.227180394948609887e+01
7.545192705885741091e+00
1.005366504355185242e+01
1.187976156049118615e+01
1.222826155547929972e+01
1.247821931169623255e+01
1.245736992540748922e+01
1.243543925536547157e+01
7.940962828972145893e+00
1.062838437184163176e+01
1.221221290817627114e+01
9.984961718728154523e+00
1.243634741459599624e+01
1.156671288005038889e+01
8.878291357980760523e+00
6.596489288626329994e+00
1.163657819013634409e+01
1.239962467910615729e+01
-1.372450706291555207e+02
1.232391072166914370e+01
1.247496069499864646e+01
1.238777754092429362e+01
1.018075787983644886e+01
8.860891861148882498e+00
-1.282822548070397204e+02
1.223491306234126874e+01
1.246915854298200621e+01
3.819160134391950123e+00
1.225405113187717809e+01
1.231965705647026965e+01
1.244403837602814811e+01
1.179861721539115216e+01
1.202480081846739246e+01
-2.698259822227424820e+02
1.207476951385342545e+01
1.171265121761243044e+01
6.567428622348522538e+00
1.144017734850143064e+01
1.247750104247149849e+01
1.217476104294124184e+01
1.218251861923041268e+01
9.450402559948507530e+00
1.057078573581758008e+01
1.051290581751698561e+01
1.167855722759788151e+01
1.208148359794619964e+01
1.152498534254889329e+01
1.176685147212509897e+01
