-1.834147390564428974e+02
-2.190773093702584049e+02
-1.288701801217389118e+02
-2.432482506995285405e+02
-7.553283234613657271e+01
-1.979844476740707933e+02
-1.553693279614489029e+02
-3.717564123725466629e+02
-8.867707275235504483e+01
-1.241401780372822827e+02
-1.480076968096004180e+02
1.248342593896544805e+01
-1.988586376311670278e+02
-1.412223716076594542e+02
-1.203382626815101162e+02
-2.964999790635263253e+02
-1.899021621420130259e+02
-1.412409880482893243e+02
-6.831717949629448583e+01
-1.541219209105605614e+00
5.014178776071826604e+00
-4.149565769776444313e+01
1.207445492785296182e+01
-1.299090952588471737e+00
-1.113653711698020032e+02
1.245084072471354908e+01
4.749465026075906593e+00
1.015943006723266606e+01
9.298195519839723033e+00
-3.888828623088025438e+01
1.208457926767378510e+01
-2.174460570640961166e+01
5.062108689393483019e-01
-4.646159262996906847e+00
-9.730178009869867140e+01
1.026562725530384235e+01
-1.628256448509677057e+02
4.462597039147050637e+00
5.432542783604199954e+00
-9.978889447429910575e-01
4.338828105662315693e+00
1.238852784767096971e+01
1.251643341545690191e+01
1.187735807936762811e+01
1.248126038776765512e+01
1.081858156519048109e+01
1.159063058205407160e+01
1.251283479095838480e+01
1.244928771119356448e+01
-3.120169278823556880e+00
1.116286499167197022e+01
-1.720033813237497498e+02
1.253094222608245545e+01
1.222950271673849443e+01
1.094852269445305026e+01
1.209206695041438451e+01
9.495191972121379109e+00
1.164586125792613558e+00
1.211236994255516564e+01
1.195520517423455331e+01
7.622273156990665655e+00
8.209948246294880292e+00
9.072602342834535705e+00
1.147703158846407945e+01
1.225091027388501530e+01
9.578494745977078395e+00
1.254658612254480232e+01
9.556265391433116818e+00
1.188318939809965080e+01
1.113904227312810491e+01
1.242829983058760668e+01
1.046693136478405251e+01
9.968261114840982984e+00
1.091137305938898905e+01
1.236300619102502552e+01
1.055801453411855206e+01
9.363804460070788593e+00
9.976874778891103190e+00
1.235713961392204396e+01
9.267591678476041039e+00
1.251411978470778230e+01
1.118024257566766266e+01
1.181071681667753559e+01
1.076609624522038899e+01
1.036220180581502426e+01
9.770224461804525973e+00
1.186723269344586029e+01
1.251263397783728948e+01
1.138314106276046900e+01
1.243717992487445301e+01
1.109661558646078738e+01
1.109708227954923565e+01
9.850330146034401935e+00
1.240603792783312720e+01
8.826109489505917338e+00
9.973727671855776578e+00
1.192883956393677991e+01
1.243346967139457604e+01
8.685615324863203313e+00
9.293780256831375652e+00
1.209612593095213917e+01
1.084168352094084042e+01
1.160501347013769546e+01
8.604683936156677149e+00
1.245263838842986281e+01
