-2.519302993617321818e+02
-1.430714839472843209e+02
-3.227921202148746147e+02
-3.046994614639706356e+02
1.254272109277742686e+01
-4.147922704430259842e+02
-1.726534258842849567e+02
-1.449539383516170403e+02
-2.899412223605149279e+02
-3.791570897653284646e+02
-1.589920740613389682e+02
-1.400420779588261269e+02
1.074264015231361924e+01
-2.088047034715303027e+02
-1.902555256110897233e+02
-1.107347885971463342e+02
-1.260484133670370568e+02
1.244350281274781977e+01
1.243860341393727253e+01
-1.582018917291675280e+02
-2.770887409788589935e+02
-5.203210202550806684e+00
-1.155957812479994118e+02
-2.659274572290392058e+01
-5.304410936516513431e+01
-2.500137182532186841e+01
-2.423560599911269549e+02
1.257654552494155098e+01
-6.375113242681138814e+01
-2.276327520022778828e+01
6.819006574272457044e+00
3.150975370587254076e+00
8.427022794177387865e+00
5.512005516180243703e+00
7.109849866363264326e+00
4.926254205194057434e+00
5.103664798171708483e+00
1.032070686925035474e+01
-2.829438433892972427e+01
1.179243305399638508e+01
3.811028321045691669e+00
-1.949510196360194314e+01
1.141543304478485865e+01
1.074955889730321523e+01
6.013527759666860817e+00
1.248852830277382253e+01
8.487560206014938657e+00
8.847247213728087090e+00
-5.026642928259708043e-01
1.202186809539908019e+01
-9.474112022498533747e+01
-1.380447817776298791e+01
1.203295489596457379e+01
1.225860638116317070e+01
1.162622741481738053e+01
1.155440735371838024e+01
1.130055222522510938e+01
1.224175598753924277e+01
1.096115583848286157e+01
7.225098599010864930e+00
1.121648028373583905e+01
5.341226894696546879e+00
9.088511877129015204e+00
2.596396781530879494e+00
1.147487981654992240e+01
1.236525786596499010e+01
1.195800106515767069e+01
-1.932937166635070696e+02
-2.074393560069568920e+01
-2.446825948998592537e+01
1.081849448551095705e+01
1.237647136788031865e+01
9.763948013715232577e+00
1.236936841134309262e+01
1.142891269484492511e+01
1.138264098995673379e+01
1.004851404988334806e+01
1.235814440364937994e+01
1.232806460344165700e+01
1.252611094508972478e+01
