-2.468826224242784804e+02
-1.296855188502117358e+02
-3.629454853620385961e+02
-3.643727964662138561e+02
-7.431768327048571621e+01
-2.247511136372042415e+02
-4.993896049167848616e+01
-1.789927440577370987e+02
-1.253533223201428086e+02
-2.349090130005789945e+02
-8.881549465572277313e+01
-2.314863358414170591e+02
-3.103375106394172889e+01
-1.557902053328805891e+02
-4.865783307548120007e+01
-1.482089094930556072e+01
-1.857152146844533434e+02
-5.030718879974379831e+01
-3.596304927168117871e+01
-4.634629480139789592e+01
-2.982414814288770089e+01
-1.580120616282003141e+02
-3.117528323634445186e+01
-1.497505780789921559e+01
-7.154903248674624905e+00
1.243713678211778628e+01
6.210708977178411416e+00
-7.129663928211829926e+00
1.217484910348525062e+01
1.154866688331430780e+01
9.883881096140417100e+00
7.811973628526644120e+00
1.117322732398263696e+01
-3.831424429220506056e+01
8.024585612942148671e+00
1.221978983216622261e+01
1.149868710919501957e+01
7.590605525896203076e+00
1.238480632937421966e+01
1.176455466785966664e+01
4.634348367345344499e+00
1.213548935571085075e+01
1.238950335611475850e+01
1.185025199651926364e+01
1.232804474678197515e+01
-2.163210897230815704e+02
1.221384753601365425e+01
1.014689469356939000e+01
1.162928448671898707e+01
1.194744760656168658e+01
1.255678545601210416e+01
4.820422889227305774e+00
-9.790419373672429515e+01
1.246604528405570456e+01
1.048740979762877856e+01
1.157403159503903645e+01
-5.210534634478438676e-01
1.234091709056962216e+01
1.253017780882131049e+01
9.604609628005297495e+00
1.162624159361477716e+01
1.225747525697366136e+01
1.197245092426640056e+01
1.029814349861242917e+01
8.773554316266320541e+00
1.904449072764531792e+00
1.244387058775378918e+01
7.021347810969489345e+00
5.541566334689843387e+00
1.096141719972584738e+01
1.243577611774263403e+01
8.277016607403657744e+00
-3.108080985945363039e+01
-7.300492456879052838e+01
1.117846096151997415e+01
-1.207759721072250443e+02
6.679821963378955729e+00
-3.764838475444634014e-01
5.923098679306129100e+00
5.493956101798481484e+00
1.240063428651465216e+01
1.056590050997871977e+01
