-4.172914933145462442e+02
-1.202637260340619463e+02
1.250635708948068192e+01
-1.784695536892376424e+02
-1.063189920364651329e+02
-1.187438729077966997e+02
1.215050940616064068e+01
-2.567020399053475330e+02
-2.579588439625811702e+02
-3.583751308870347430e+02
-1.785382296512087521e+02
-1.058606561397331660e+02
-1.847475439852462387e+02
-2.184647546750846061e+02
-2.965513312279833826e+02
-1.931994510692665017e+02
-4.528311065938343916e+01
-3.450450627466106113e+01
-1.373902014368981952e+02
1.213995860871003529e+01
-1.798940582720780412e+02
-2.069511378610426107e+02
1.248019284938530760e+01
-3.343087458410174406e+01
1.175669914501538749e+01
4.941218388502001346e+00
-1.638629437102634370e+02
1.235276006338913035e+01
1.249840833364728709e+01
-2.470621028924994391e+02
1.177093216089925498e+01
1.240495137677365456e+01
1.065544688767486292e+01
1.241484264928318737e+01
-2.246151705278884378e+02
1.193855842438132342e+01
1.214269458728830386e+01
9.225011777235948784e+00
1.224869878396512846e+01
1.239523622369594591e+01
1.257333398480975362e+01
1.252524257542737018e+01
1.157766771865655997e+01
-1.984782947653376937e+02
1.195244971791783151e+01
1.087912428207862447e+01
1.148109893630006617e+01
1.025179639532134424e+01
1.167366312840198539e+01
-6.481207395135238869e+01
1.053760890053862198e+01
5.402691869604758779e+00
1.052342252391181532e+01
-6.657285490341681822e+00
1.248767533655725614e+01
1.163949455767135177e+01
1.251722466419846036e+01
1.241300347298072104e+01
2.607160481801868102e+00
4.873114912797092302e+00
8.102276578790082340e+00
9.271971488947553297e+00
1.032422716397858942e+01
1.252233864493709703e+01
1.247852490351932531e+01
1.249897858134377771e+01
1.249084277512562480e+01
1.233639625741160373e+01
1.161692141264455813e+01
1.228798950691135516e+01
2.572202465316014042e+00
1.172633095785191060e+01
1.174813880800493138e+01
6.396899463694470711e+00
1.123487044875611751e+01
1.255245389782064791e+01
1.248707215262530390e+01
1.257203187639108855e+01
1.251730110136523599e+01
1.245569624191717928e+01
1.168347332665238980e+01
9.630757176623255589e+00
1.253043346974061301e+01
1.228833693384414616e+01
6.282759509659785024e+00
1.153233743790314136e+01
1.069756379521616729e+01
1.253433997860294724e+01
1.235539174270900453e+01
1.170961644647914390e+01
1.246755203522543276e+01
1.157365490480271575e+01
1.255468500711833180e+01
1.147122925028202012e+01
1.164679960828446426e+01
1.214002308675631880e+01
1.186798025004370416e+01
1.153012362036590055e+01
1.236336846771200726e+01
1.079304664694855198e+01
1.206654559173277264e+01
1.123525553100469665e+01
1.240723585244847094e+01
1.245141697073257347e+01
1.246178279101688879e+01
1.136488610875425209e+01
1.243366241473965061e+01
-1.009790396757555868e+02
1.242874284839579069e+01
9.228823588060988570e+00
1.234796745093223791e+01
1.233705627005016581e+01
8.892290329360784895e+00
1.096837309902008428e+01
1.197257427111944139e+01
1.239140883940618920e+01
1.256717750334160044e+01
1.155950262883163404e+01
