-3.777363096333763792e+02
-1.155410791868691405e+02
-1.002184220410307063e+02
-2.193707606295109827e+02
1.238635165597126253e+01
-2.281462625976834602e+02
-1.908466533870293631e+02
-4.706127354481853899e+02
-1.811067932433095109e+02
-9.604634027870378077e+01
-2.010951502625776470e+02
1.248486094408926661e+01
-1.436777084588342177e+02
-2.091036056336170077e+02
-2.297850480007591614e+02
-3.846739904958055263e+02
-1.546044061619364243e+02
-2.820183955017175208e+02
-1.819538821035872189e+01
-2.184369326253539896e+02
-2.222458826701694932e+02
-5.141026727255260909e+01
-2.823847073699350290e+02
-1.151916148522692538e+02
-1.686424597656944684e+02
-3.412718224378667173e+02
-2.263547862731744829e+02
-1.329673870888053244e+01
-4.247182781368216098e+01
-8.147138004177664072e+01
-4.398972858106056805e+01
-3.825340321215340396e+02
7.456083301008652242e+00
5.165173118782636408e+00
1.160555636776024002e+01
-7.888578879665719512e+01
-1.205191223191492611e+02
3.341276813806926427e+00
1.204434127296007873e+01
1.236407631038825095e+01
1.250732621962444924e+01
-1.807393517375312797e+01
1.174785173190375964e+01
1.236338691815383761e+01
6.340755274708195444e+00
-2.302545492388125581e+01
1.246930498240210561e+01
8.866445951346157983e+00
5.159364265987758102e-01
1.186746565241370988e+01
8.426549270863141317e+00
3.117360807868593042e+00
1.095871409148757181e+01
1.251223621828785326e+01
1.252780520220618676e+01
1.244186687800473123e+01
1.195178404400518879e+01
1.244682592764742068e+01
6.279528273616763911e+00
1.237655020825186369e+01
1.150441474237895889e+01
1.066910407997580279e+01
1.165743160032659631e+01
-2.247705094175911000e+01
1.200852739162099247e+01
8.753193795220171936e+00
9.411291318030539088e+00
6.468438290910262012e+00
1.207709669046764134e+01
-2.003572046061689207e+02
1.072094113524011227e+01
1.069925189063952153e+01
9.371135934776607002e+00
1.251827291377060547e+01
9.824818908598921041e+00
1.222021425372216363e+01
1.150197392243529748e+01
1.242480159840824783e+01
1.232240452808034448e+01
1.026280525887354322e+01
1.175297492853180970e+01
