-1.121182185846780328e+02
-8.043579209882763337e+01
-3.847207367387811701e+02
1.242730918221043446e+01
-2.180128878780833759e+02
1.250026609503894903e+01
-8.339557995939192381e+01
-9.553582792131372514e+01
-1.107713202590319952e+02
1.258020389247340276e+01
1.258114201173223812e+01
-3.600667075854091195e+02
-3.221015002663225459e+02
-2.441929113077812872e+02
-1.798890073147126998e+02
-1.588168803453494604e+02
-1.432759573850800336e+02
-2.302754338765047635e+02
-1.766186206782370220e+02
-1.821112741177613543e+02
-1.361103177291376767e+02
-1.910544650312817794e+02
-1.288763072050680591e+02
1.255202494798234092e+01
-8.639777636109268144e+01
1.245222004375019154e+01
-6.374539035646539276e+01
5.043070018470116267e+00
8.862685562646909432e+00
-1.199601667443657504e+01
-2.497807858950221416e+01
-4.668488458455289702e+00
1.237265972233461397e+01
-8.323641011126902356e+00
1.254963044907789715e+01
1.188507418728418585e+01
1.234745311156166991e+01
1.148635937643765459e+01
2.848076562965900393e+00
1.155426106191546509e+01
1.087447073333084724e+01
1.225367785639745932e+01
1.219656691161570983e+01
8.865546147152858936e+00
-1.926575844923756620e+01
1.208230286757258476e+01
-1.436399542483554725e+01
6.751412125219593108e+00
-8.367957415185848902e+00
1.255100984796217745e+01
1.186436510464492144e+01
1.252811724838256069e+01
1.257970916797885330e+01
6.081698156652038278e+00
1.225618126104606809e+01
8.067120582832281173e+00
1.240025999555461311e+01
1.047411405351657976e+01
1.240571787701527384e+01
1.120109637800408109e+01
1.246953652377058930e+01
1.234802145271513218e+01
1.113919758568583696e+01
1.184619152644806661e+01
1.087638588461883238e+01
1.013144827901840017e+01
1.240083471566147999e+01
1.175310819393699013e+01
1.240861938787782393e+01
1.255834370732544869e+01
6.913433613707594461e+00
1.219831935537499490e+01
1.245524917356783412e+01
1.083998753936382720e+01
1.086117217066021112e+01
1.242045686185563724e+01
1.214257905439214191e+01
1.252321387302442623e+01
1.223051905922363147e+01
1.255214422102058336e+01
1.248686526566205046e+01
1.219848435549010901e+01
1.211252969731416052e+01
1.222178439541703021e+01
2.492328928853329018e+00
1.087078423263346671e+01
1.237946726573148304e+01
1.251388217649861190e+01
1.237856611257551975e+01
1.228894319980669536e+01
1.230401901939610099e+01
1.246142601098215685e+01
1.240220044047673653e+01
1.177643171661582322e+01
1.252954080197072528e+01
1.172215398688091170e+01
2.328247392738518329e+00
9.083529634206797709e+00
1.236572009120841997e+01
4.696194248261400972e+00
1.207158722709222332e+01
1.252131518888053030e+01
1.203666665404578140e+01
1.146593920288901458e+01
4.159457322652992062e+00
-3.903232859211026806e+00
1.196638454267115570e+01
1.203952129269710802e+01
-2.118713371133662093e+00
5.854055471017858281e+00
1.134588680936582428e+01
1.237400336132710521e+01
