-4.484246419298445971e+02
-7.030548591062688502e+01
-1.623045598703154724e+02
-4.085024088604504300e+02
-2.578969191944086106e+02
-3.591737650736309888e+02
-1.884507117524337900e+02
-9.414431378536937700e+01
-4.810876657006868982e+02
-1.059178295267787462e+02
-2.699552201180334805e+02
-2.489599419445145259e+02
-1.612723675608914959e+02
-1.113162574524844217e+02
-2.167773324954412146e+02
-2.295199032007174083e+02
-3.359592414731368422e+02
-1.134009694591113089e+02
-1.256564837666995089e+02
-1.769713490449107667e+02
9.349611135922534899e+00
-2.513150957345370671e+02
-1.276985364642600729e+02
1.227795145761987783e+01
1.196888207052643871e+01
1.241801415906353867e+01
-4.949407911119916292e+01
-5.400293133226455211e+01
-3.565147687678138055e+01
-5.907142285073305032e+01
1.234901219902255498e+01
4.366623228943069535e-01
1.229255218409857875e+01
1.252568886435504147e+01
2.981276501638175702e+00
-3.303008305632022967e+01
-2.689037237406601122e+01
1.252187096043567394e+01
3.137246188833344718e+00
1.164359069918130984e+01
1.233509627684149734e+01
6.356600359473704387e+00
1.203481976146490950e+01
1.258173541321771438e+01
1.169938654134246825e+01
1.229648664955719539e+01
1.030995091851628231e+01
1.033087223387309095e+01
-2.851899903542537231e+02
1.640755013308034194e+00
1.249187437921968780e+01
6.603000315529090614e-01
1.178972859950645002e+01
1.210134905956788920e+01
9.873621465972423294e+00
1.246071270933498276e+01
-1.932556023359713393e+01
1.247052296507362712e+01
1.130241926136365649e+01
9.703547786774409545e+00
-1.456305578071170004e+00
1.257847930933674974e+01
1.255456814820667866e+01
1.233563133916492482e+01
1.182962356197186793e+01
7.382862109928916894e+00
1.232238963440964241e+01
1.107314997528854406e+01
2.073208652627693382e+00
1.203335109049026563e+01
7.113767181520492144e+00
1.234816232703544081e+01
-1.418095832496001840e+01
1.246950713002672728e+01
1.251401837890321112e+01
1.257793979978311683e+01
1.023914616826143131e+01
9.824911162521502206e+00
1.241973624318465674e+01
-2.481359223694873606e+00
