-2.803063216042064028e+02
-1.208364219670388024e+02
2.239577205507124802e+00
-1.150359241405264470e+02
-2.913346480415859219e+02
-8.997498357588490592e+01
-1.456400097575065615e+02
-9.187552833088321336e+01
-1.527675476912570502e+02
-2.127153862858133238e+01
-2.252952488233965767e+02
1.221558061252022398e+01
-2.411169944575090938e+02
-1.847565809265108214e+02
-3.805087172102950035e+02
-9.996277578264478336e+01
-1.858738241666139004e+02
-2.054110691983601953e+02
-1.368245134127017195e+02
-2.176790429226415995e+02
1.223963628938103554e+01
-2.139381550188566621e+02
-1.204051997511436554e+02
-1.968913161689087019e+02
-2.787531556773568013e+02
1.244062897642578491e+01
-1.693702062973283660e+02
1.213422932105062557e+01
1.243375812858485929e+01
1.249582199138686178e+01
-2.589519846464209252e+01
-1.860705255508785854e+02
-2.211545382453251136e+02
1.011178572542479870e+01
1.244027670606319802e+01
1.226252431247303143e+01
-3.370802848080852954e+01
-3.632779083026775879e+01
-9.740577207307821084e+01
-2.070416782371357272e+02
1.974631699678610630e-01
-1.058205783826812194e+02
4.256077388585886467e+00
8.796536946447400140e+00
-2.161232714296126574e+02
-1.937975969570617565e+02
1.243373756322793078e+01
1.064540683315611957e+01
1.239562217852673776e+01
-8.674682825607188619e+00
1.232411464988753913e+01
1.120134964144256529e+01
-2.303154660485021310e+01
2.600633331477812504e+00
8.127107828352571062e-01
1.234150426397710199e+01
1.198619936906132644e+01
-2.216244766625324871e+02
1.257044143173293271e+01
1.188596983118264205e+01
1.217813628255558989e+01
-1.003948341228781800e+02
1.116633895203104387e+01
1.008413850424111047e+01
7.051018610813366116e+00
6.147412114419854134e+00
2.418035251172938160e+00
1.225816032197525729e+01
8.805332482220652679e+00
1.011390391959928614e+01
9.680296559719021587e+00
1.248722203810106635e+01
1.192403611773845640e+01
1.096536033580736813e+01
3.264937322549622323e+00
1.054128149542006909e+01
1.220316241537070567e+01
1.194561257879882099e+01
1.250301490471170140e+01
1.203786379725769251e+01
1.054366356795589255e+01
8.556151777245878165e+00
