-2.478605895460603392e+02
-4.643212614269714322e+00
-1.696718556150891573e+02
-3.377586158178159508e+02
-3.515671091189660160e+02
-1.478906676649694134e+02
-2.347414492753100319e+02
-4.488286317642500762e+02
-3.286834702628257219e+02
1.255076136351229188e+01
-1.846745584857757478e+02
-2.200620560211786483e+02
-1.668002685642661618e+02
-1.888347309821283773e+02
-6.469336239626942131e+01
-1.060556546108592215e+02
-2.003084694413407192e+02
1.220672007905844225e+01
-5.740230404288413979e+01
-2.711782054292003608e+01
1.238598006614780367e+01
5.863666335305589783e+00
5.437122434183615738e+00
-2.363156017173473344e-02
1.226798734718563466e+01
8.553936158255272204e+00
1.024148381079096026e+01
8.660743365195084920e-01
-2.654490920827081979e+01
-2.146677313341249516e+01
-4.552592382303867424e+00
9.443410284942624244e+00
1.253080975876580716e+01
8.740259215507567347e+00
8.361879562750610617e+00
1.257786486069986331e+01
1.251432125563994724e+01
9.141267171133659275e+00
1.204081693115250573e+01
1.169342335148552436e+01
1.250775318381572276e+01
9.226440584490541497e+00
7.175486091715901793e+00
4.711032395967670539e+00
7.324620925058955123e+00
-1.103264970248190302e+01
1.087801854496263587e+01
6.391444074133151076e+00
-4.603877501203206180e+01
1.139578770396380492e+01
1.236692591737416436e+01
1.246953669009295851e+01
1.010372577230733171e+01
1.186790551840860175e+01
1.150169312862569804e+01
-1.597242857224295953e+01
2.290542651469142044e+00
1.171468098082300990e+01
1.221295685445599588e+01
9.160822410724975384e+00
1.219620905458652871e+01
1.025321664835338353e+01
-1.710624656656246856e+00
1.236920355184644471e+01
1.249241448283392586e+01
8.896257194776715949e+00
6.898746822114476984e+00
4.202075059658328726e+00
9.396389010909018680e+00
1.230017232463086962e+01
1.102992528374714354e+01
1.232153272005369438e+01
6.204546769886274404e+00
1.153904012608048113e+01
1.019726719934947745e+01
9.644434064944677587e+00
8.321104016446357221e+00
2.530535970048324756e+00
2.230814316588952906e+00
1.219840740278559466e+01
