-1.948860309843817618e+02
-2.835918253105508029e+02
-1.413445248447837059e+02
1.240660858243554721e+01
-7.361574422902178583e+01
-9.457921542381801316e+01
-1.848512569438093465e+02
-1.193117552313482150e+02
-1.667285624259166923e+02
-1.092983416622106319e+02
-2.387227887711610208e+02
-3.840295826465008417e+02
-1.328081028562825736e+02
-1.686686827040530829e+02
-9.024760476668440390e+01
-3.056158279675625522e+01
-7.025303698110671746e+01
-7.327018876608552489e+01
-6.614473928024497695e+01
-4.227977993304719462e+01
-2.772656522417909741e+01
-6.297908847146021571e+01
3.628733665796586294e+00
-1.648626338432510181e+02
1.004419274691796460e+01
1.047557442050539933e+01
-5.462089180394265497e+00
1.247273908108867602e+01
-4.545596993553253640e-01
1.218082391719168456e+01
1.231172000476996864e+01
1.233369000313931174e+01
1.255195985377807233e+01
1.218984570412428958e+01
1.236345735982250105e+01
7.574893335147635298e+00
1.193509404243151550e+01
1.245476092464016205e+01
1.243425322638241681e+01
1.019630316853817220e+01
1.034397247517142304e+01
9.191972607625082503e+00
1.146695804230483695e+01
9.809747699930955633e+00
5.420427663475420488e+00
7.042962796361012856e+00
1.183276782305472352e+01
1.221120797366050148e+01
1.174939478303866736e+01
1.177837322983586077e+01
1.255759677711172273e+01
1.085393136169519046e+01
8.321489534796420173e+00
1.118044696166214713e+01
6.787224026352896900e+00
1.244064959916820179e+01
1.242926408712239095e+01
1.142417058321010614e+01
1.194197127180425255e+01
9.233113336693371309e+00
1.162900894071855618e+01
-1.385808894500664223e+02
1.204086814566033325e+01
1.244856948312689582e+01
1.235547130371300462e+01
1.254039224541559072e+01
1.257534926131686248e+01
1.192142080062858511e+01
1.186739606446186457e+01
1.156160044886497218e+01
4.367797445270584333e+00
5.384627492403302185e+00
1.234138812152621867e+01
8.696043519106584796e+00
8.983288555153109201e+00
9.425301932512549996e+00
1.209739654960122834e+01
1.177689012206328556e+01
1.181806905798808316e+01
-2.100284467253808600e+02
8.281090915366949190e+00
1.023030385305959733e+01
1.251637127350619849e+01
1.137311563306557716e+01
-1.454142764216092587e+02
1.167438855016719579e+01
1.241390926897435065e+01
8.259921631558757582e+00
1.236869431482772086e+01
4.554258109465196824e+00
1.102327720243014042e+01
1.225572522807047449e+01
1.191794394095349574e+01
1.095382853737067919e+01
1.240970096099480102e+01
5.493089263301353498e+00
-1.877615193835902971e+02
-9.061214181538615264e+01
1.253407905236218411e+01
6.110370105663177398e+00
1.244119930121577511e+01
1.170599671350865378e+01
1.251449195030575368e+01
1.253275074265127742e+01
