-2.078039943815842605e+02
-1.983718956444373021e+02
-1.469874857282603386e+02
-2.441794946885614763e+02
-1.124697379909696622e+02
-3.306457896555922389e+02
-3.201236143011424815e+02
-3.117276168392679097e+02
1.254641943657951231e+01
-4.392373961280550247e+02
1.255828677119901116e+01
1.224909274317311514e+01
-2.909458897023847612e+02
-3.605064372913657280e+02
-2.447284428861576089e+02
-1.834903652220345407e+02
-1.236458202800256316e+02
-1.489337878120287826e+02
-6.156507856196686390e+00
1.255993283009843964e+01
-1.274223799760563196e+02
-3.224869903302571572e+01
-2.277311808991424300e+02
-6.827970858461378612e+01
-2.860551272779098326e+02
-2.441834054086390324e+02
1.255483401126453913e+01
-6.394694391111057286e+01
1.244366997971456179e+01
-5.249944036905781530e+01
1.256264181475470032e+01
-3.565522563209835027e+01
1.256683016960481325e+01
1.129514968939069597e+01
-3.492786218497826667e+00
-3.779018061021240982e+01
1.251455529910584374e+01
1.252674452734327559e+01
-2.281696719423416653e+01
7.542610628700764153e+00
1.250470747370852465e+01
1.240090442609207244e+01
1.205268057142264837e+01
1.192887403608987817e+01
1.085401379758018159e+01
9.462186222491705934e+00
-2.021914849569019879e+01
1.177305047210693978e+01
-9.639956296662806068e-01
-2.693109573073313641e+02
1.249811398034849574e+01
6.913238869434362499e+00
-1.314658223772264591e+02
1.219531166197245931e+01
-1.002031192986147232e+02
8.576867965273496708e+00
1.239776931621126366e+01
-9.325659220674766914e+01
6.894525777003355671e+00
6.559945738359097334e+00
8.354652900569190521e+00
9.871067615815599439e+00
1.184360669630167706e+01
1.232067898076028811e+01
1.242800278404058290e+01
9.820025477144033843e+00
1.062646186030869622e+01
1.241976409342047916e+01
1.236762889591639336e+01
-1.133654333736086812e+02
1.247487834261666251e+01
5.972889617289062869e+00
1.047374114538739498e+01
1.224258885549427767e+01
-2.031446051967716215e+01
1.250670279242691585e+01
1.255060324186666598e+01
1.233963109317106444e+01
1.241297886206219303e+01
-1.520491568727798892e+00
1.166474258008417308e+01
1.249039882453158334e+01
1.083757955667715933e+01
