-1.680084734483696707e+02
-3.757859393970126689e+02
-1.251235389917983412e+02
1.253949269647227283e+01
-3.152114737410836369e+02
-1.976379898744314687e+02
-2.197729430386868898e+02
-1.028516542957874975e+02
-2.750802927153285964e+02
-1.212956546866616918e+02
-2.695351411098886274e+02
-9.531946058081665285e+01
-1.134695502859060383e+02
-1.755164996250893807e+02
-2.043516014109853813e+02
-3.123602238734707157e+02
-4.590550728250137240e+02
-2.371485772313117764e+02
-1.987274644755802626e+02
-1.478932720255838547e+02
-1.124938346814004007e+02
-8.081841409078089100e+01
-1.750032282939322670e+02
1.246715351041459385e+01
-3.040989445008706298e+02
-1.803562339030613373e+02
-1.757688777954446380e+02
-1.146557111675069365e+02
1.258298102875906110e+01
-3.224335476939965162e+01
1.257762898506634386e+01
1.208288583733182087e+01
1.254337455756700770e+01
1.247388652174718970e+01
1.248355609816923462e+01
-1.112539159656567023e+02
-6.199849163108714833e+01
1.258140111529181837e+01
-2.035835462091575323e+02
1.257810097698521190e+01
1.235901485604368233e+01
9.817215720585679151e+00
1.257026603078343285e+01
1.213833156650257550e+01
1.194831947763555391e+01
1.258109906496159525e+01
7.575096686340437202e+00
1.147323797239237031e+01
1.240440917827073974e+01
6.529594866147323984e+00
1.170607567439606456e+01
1.178112407996049349e+01
1.243207325776389993e+01
1.239306698596178080e+01
1.212202244143932894e+01
6.202160530736799515e+00
1.252080256762923227e+01
1.253946728463711757e+01
1.129056060682311902e+01
4.096763413640299945e+00
5.192066616991731109e+00
1.247783327728621039e+01
-1.272569788421613168e+00
8.513223554013300998e+00
-8.203824263216218071e+01
1.068893792805356568e+01
4.305876384370094456e+00
-1.671259976009553938e+01
1.188469275318331420e+01
-1.800441472740294202e+01
7.569159601689820605e+00
8.223837625991169631e+00
9.821404434880694367e+00
1.238813345617206707e+01
1.220504321339244669e+01
1.213344468373026253e+01
1.049946507473811153e+01
4.965845290418483771e+00
1.055068295198110562e+01
8.286214500805940020e+00
1.246062139022803983e+01
1.763264507479933130e+00
5.276241937929579962e+00
3.531434942732753157e+00
1.242387924249003994e+01
1.243312127865051053e+01
1.257366469906419759e+01
1.219548013402944697e+01
9.403264074862322630e+00
1.168313139717875160e+01
1.255448354447693582e+01
1.218503994289102721e+01
1.063426958897555608e+01
1.136909662411451372e+01
1.120432872301613259e+01
