-1.335044224373778547e+02
-1.020963492941622377e+02
-1.472494791210608582e+02
-1.841513263722935392e+02
-1.552308423967272120e+02
-1.573906225299860182e+02
-1.662640169340000114e+02
-1.713016034754026862e+02
-1.735743782851914432e+02
-2.746781624123924530e+02
-1.650513499614134787e+02
-1.437815612677613046e+02
1.255901813604237915e+01
-1.263123645739195382e+02
-1.758881449750120964e+02
1.239896036604226026e+01
-1.233808588711769616e+01
-1.553631387496544107e+02
1.191455973370371879e+01
1.215504109224741924e+01
1.230477096871014453e+01
-6.393682206878047225e+01
1.229213676165139546e+00
9.905142222859396384e+00
-2.022374318563696605e+01
3.191765197778462237e-01
1.236285808569735067e+01
9.581666581265453786e+00
1.155358788655799174e+01
8.250995237966016305e+00
4.123245494564800495e+00
1.193712402413513374e+01
9.098205604187709739e+00
1.083132336844374777e+01
1.188144220316098831e+01
1.221656847313669658e+01
1.245194280150257171e+01
1.102138114403352276e+01
1.249476135500792751e+01
1.125492545520611465e+01
6.737048399606333504e+00
1.252953527524143240e+01
1.029310874284277944e+01
1.245268995070221507e+01
1.207542434632925321e+01
1.121638153369272217e+01
1.224401407485645343e+01
1.212820239857807003e+01
6.360250632833700735e+00
1.178565877252627025e+01
1.218329577398529118e+01
1.013493819883184699e+01
1.040992356492856352e+01
1.215595042190289554e+01
1.098278749798239318e+01
1.161707929401165984e+01
8.723188886150854415e+00
1.211091601271487939e+01
4.305488455963079275e+00
1.051322062686434400e+01
1.130589403216285227e+01
1.254250691317730926e+01
1.182561327301268506e+01
1.253761402622384580e+01
5.045777279570300422e+00
1.216694205689480768e+01
1.178654910483581730e+01
1.066850086338402548e+01
1.254130856064677602e+01
1.255077632732375825e+01
1.221840232993211828e+01
1.044770935034254578e+01
9.752105571992981226e+00
1.172727987631750679e+01
1.231581008325090920e+01
1.155850595166787720e+01
1.198352366457407214e+01
8.873367182453566926e+00
6.439744620994563462e+00
9.959103060253802653e+00
8.372589033361199640e+00
1.185253958251256812e+01
1.255757504834281768e+01
1.169536911021029368e+01
-1.115246603432596295e+01
9.717440769212494445e+00
1.182120752162025923e+01
1.228820696336506657e+01
1.227290950097807709e+01
1.235610868422200070e+01
1.093445545452145495e+01
1.199109891739363221e+01
1.180645530130838239e+01
1.195640389600191789e+01
1.201175117158245342e+01
1.200010110477423630e+01
1.251977115585420108e+01
3.019677571909413771e+00
9.897514065561267671e+00
1.234154602804925460e+01
1.251050123043200912e+01
1.060119032811271111e+01
1.250059909472354391e+01
1.036719484614175713e+01
1.195760360363554042e+01
1.100047116807695424e+01
1.033369862232678216e+01
1.226007605539424183e+01
1.251722253129264750e+01
8.679582399402960391e+00
2.766283997387644078e+00
1.149283604724493735e+01
-1.083393424850908673e+02
1.253589967823991635e+01
8.347313490817935389e+00
1.112297961740238783e+01
2.808657233749972448e+00
1.239014892282496660e+01
1.205393472580004754e+01
1.233496128916824830e+01
5.924552038585641611e+00
1.199532683012771273e+01
9.769076231675224875e+00
1.034168455056202518e+01
