-1.652467933012708556e+02
-1.055936464755035189e+02
-3.942522979114777968e+02
-1.443758368055358119e+02
-1.351496193746093013e+02
-2.688130051075838196e+02
-1.367183847569801287e+02
-2.188253128328130117e+02
-2.722568259121449614e+02
1.240026002926789417e+01
-7.106233615718797125e+01
-1.178089390251549986e+02
-3.563372916846918201e+02
-1.163462513323288334e+02
-1.038401757469739124e+02
-1.935656251448435512e+02
-4.437959989813399631e+01
-2.195909476467170975e+02
-1.405400188659728542e+02
-1.209976909238719998e+02
-2.162958551443201713e+02
1.203136463024733871e+01
-6.426797929729183068e+01
-4.877669914878142521e+01
-4.869108764350009011e+01
-1.414956767423759487e+01
4.056408962141260233e+00
-2.241532999503803580e-01
-1.926275516760886717e+02
-1.704174776845562178e+00
-1.335984690076769255e+02
9.963107049589826403e+00
1.213873338917254330e+01
1.164293852146732178e+01
1.234714198473368185e+01
1.231091208287343797e+01
1.250174628440188584e+01
1.243181424680994063e+01
1.246427214054966726e+01
-2.619016118098096513e+01
1.092117845417390143e+01
1.135406320851194550e+01
1.245153466769655282e+01
-2.326749835981484438e+00
1.218046197748312665e+01
1.251880906067578003e+01
-1.046777043349675438e+02
1.209825336348195890e+01
1.184929694847064496e+01
-1.955077127664266641e+02
1.183168796229920083e+01
1.199506979152585551e+01
8.549847644004362479e+00
7.786301794023357203e+00
1.155407638635765899e+01
1.246987746599531199e+01
1.084867017683801826e+01
-2.617960391705694860e+02
1.013854582375428848e+01
8.732484063515041584e+00
1.164985674618074363e+01
1.151546662501874962e+01
9.170025746129407906e+00
6.751513005141966062e+00
1.104807741681090505e+01
1.242872127308658747e+01
4.846649153985929104e+00
8.068771999760061320e+00
1.244420155491003754e+01
3.205739738331944366e+00
1.205409061453539366e+01
-1.571981486560050882e+02
1.066701302291091480e+01
1.017722152680760317e+01
1.013631566308040277e+01
7.646592478581528241e+00
1.239211017407561144e+01
1.044584015497784790e+01
1.216425976388931396e+01
-1.110739185642095777e+02
1.250467773589549125e+01
1.133212952676641727e+01
9.743970448917234961e+00
