-1.979651983421283887e+02
-1.949482215248161197e+02
-2.322093085138362483e+02
-2.878628582845562391e+02
-2.013971445611311424e+02
-2.581024251888086383e+02
-1.434323132075198544e+02
-3.632850684661558915e+01
-2.032967138153626649e+02
-1.246927501357503161e+02
-1.463610091034418588e+02
-2.375286412482730043e+02
-3.432440447696723709e+02
-3.363201845362959830e+02
-1.123954463388036231e+02
-8.806182652462452154e+01
1.247962139852771379e+01
-2.366395571719259294e+02
1.237822562955367900e+01
-2.960599717991419766e+02
-7.536486564296868096e+01
-6.672824115163862757e+01
-1.210525142223906130e+02
1.252526272029316523e+01
-3.326374836624747644e+00
-2.195177017391520025e+01
-5.190962841101325154e+01
-8.300253463808037679e+01
1.255618106927862776e+01
-3.223052165538118885e+01
-3.113640753226902902e+01
6.682121689582150026e+00
-5.588409123135878787e+00
1.035815837972100439e+01
7.652237824842829106e+00
1.045658883428506769e+01
-8.633867330020837016e+01
8.220327468744084598e+00
-1.553813885033557085e+02
9.135732362081565583e+00
-4.605098323471572286e+01
5.163141853366454370e+00
1.108494282971095402e+01
1.075442986783632904e+01
1.249538236897444854e+01
1.144250889958880890e+01
1.250334313017616950e+01
1.180669959930691348e+01
1.092943472546969730e+01
1.094678194450719388e+01
1.229090662844007653e+01
9.604077687478042691e+00
1.216150168246267427e+01
1.253639068322582872e+01
1.200644531645661317e+01
1.002711686750367903e+01
1.052146030023837042e+01
1.205720931542649055e+01
1.225518554091171453e+01
1.038988923721317370e+01
1.145544456207236017e+01
1.197319087939307281e+01
8.917444246724032908e+00
1.244897081053621157e+01
6.940377707091901271e+00
-1.395265823130612404e+01
1.172273171298460070e+01
1.945998499588627695e+00
1.229185870075898990e+01
8.248033093373345892e+00
1.038184484329685020e+01
1.153323820754268247e+01
9.756388189082198181e+00
1.223837563241638016e+01
1.244619045161037540e+01
1.072159556748821352e+01
1.087359149690784932e+01
1.072575082714369543e+01
1.244563641508758778e+01
1.208536370266577009e+01
1.213351577199961717e+01
1.101078658257143061e+01
1.252760634055472977e+01
1.136264114225789434e+01
1.245781135866101863e+01
-1.330149725694692364e+00
1.197839382993952029e+01
1.246502799565358899e+01
