-3.223166252140865140e+02
-2.600301337597664997e+02
1.208322699178163795e+01
-9.956149253115778208e+01
-1.387008996998805799e+02
-1.718512161126907927e+02
-1.577230198318448515e+02
-3.116162263746959411e+02
-1.454944085370111111e+02
-1.607544890319436774e+02
-1.067387234465059009e+02
-9.646617249614352829e+01
-9.762300122643483746e+01
-4.068482658535021557e+01
-6.928654069685642014e+01
-7.855868706117615119e+00
-8.137046276088777574e+01
-2.083111773382377407e+00
-5.573938328326062930e+01
-5.000298146642386854e+01
-3.832589392162564224e+01
1.027951778757535095e+01
-8.644390423709939597e+00
1.256356539092500668e+01
-2.357246804802411333e+00
1.246843931095676261e+01
-2.416999566441493386e+00
1.172634733901132797e+01
-1.595367157932152224e+00
5.595948337138541007e+00
-8.198791477751793622e+00
6.151168920618603764e+00
7.785891887401429123e+00
7.132847350697091748e+00
7.043237414372283567e+00
1.114516162416548717e+01
1.197916409845159968e+01
1.219351376906357309e+01
9.972482526691283766e+00
1.106740053971080862e+01
1.233223417842428304e+01
1.205892884989662583e+01
1.245170899943495435e+01
-1.911101548245159449e+02
1.157408424661502622e+01
1.222410029026594813e+01
-2.440056951731741819e+01
9.116258902722016444e-01
-3.575580534876890937e+01
1.255252443642313231e+01
-2.124360786022747405e+01
1.251553853922727377e+01
9.499565840422164342e+00
1.029313748891158120e+01
-1.372300570480388444e+02
1.183411870420200529e+01
4.769665751173990387e+00
1.123714938051418955e+01
1.222310005091745744e+01
-3.642134574819637294e+01
1.017841055980778364e+01
-1.730356065705104029e+01
-1.648481601946558683e+01
1.240705756325784570e+01
-1.365507170324546493e+01
1.231702822010971232e+01
8.094928881392387865e+00
9.846207425130323543e+00
6.468357683427145233e+00
4.819368655728698769e+00
1.210763322989330426e+01
1.196857210444986919e+01
1.111704112275817380e+01
1.063733220362287213e+01
3.006398021496410777e+00
6.543845232386399147e+00
1.026031837719864370e+01
8.111203658572623709e+00
1.215736645338813737e+01
1.125000245850935698e+01
1.256022568411979279e+01
1.229839979555251261e+01
1.237838806348327836e+01
1.240098483775916982e+01
1.018632519837222361e+01
