-2.620085454997291663e+02
-1.239373931055286562e+02
1.240107375266334166e+01
-9.389639147230069227e+01
-7.806756827357270367e+01
-1.471428188636535026e+02
-1.279472194548773842e+02
-7.446840589649512765e+01
-4.429551288354497842e+02
-3.147583834643156138e+02
-3.119816497209648105e+02
-9.830091690613105015e+01
-9.318036011015537667e+01
-2.609362182502847531e+02
-1.127173421825484922e+02
-8.764140493492193684e+01
-7.539277015929467041e+01
-8.129896000451459770e+01
1.256446798546739885e+01
-1.088662434717414698e+02
-2.646451857336839453e+02
-1.975390431269960061e+02
-2.429913165893093208e+02
1.236467611237927855e+01
1.036769999990519864e+01
1.101922680593433235e+01
-4.104176953874106459e+01
-2.997230876523159182e+01
1.245039359472372453e+01
-3.647340250274819482e+02
7.721418695268803312e+00
-3.785458619628072086e+01
-1.381961629768143212e+02
6.279381668590978904e+00
1.248413034786192810e+01
-3.585752857598129708e+02
1.180868489912162467e+01
1.233507985812019214e+01
1.257592685549673206e+01
-2.489947770166892838e+01
6.406379024903261055e+00
1.200300103786885764e+01
1.243029923458298036e+01
8.216501697612548227e+00
-9.938192636519055156e+01
8.651125091625710084e+00
1.238806399408466596e+01
8.063016074501941688e+00
1.201200053651872679e+01
1.036682676510339718e+01
-7.858812242984436125e+01
1.243639875708618803e+01
-3.036401545370220845e+01
6.355120394098666026e+00
-5.021228260268191690e+00
-1.959420758330259460e+01
9.215607227425513415e+00
1.242812461476640529e+01
5.756243194173265465e+00
1.251219464495334144e+01
6.031426318642223450e+00
5.750627734440881156e+00
-1.953493049572866624e+00
7.146131061345347923e+00
1.125907404356127017e+01
1.243266209236613484e+01
1.249384616369872170e+01
1.158328865262628327e+01
1.899486950215877101e+00
2.891502662367669174e+00
6.776032304427827668e+00
-2.784615637490505335e+01
5.668336843274515147e+00
1.151001629524008152e+01
1.179882593202125562e+01
1.245675102966318448e+01
1.246466428757694977e+01
1.214454552022798239e+01
5.742098182284477659e+00
9.323907958376935312e+00
1.257941550895577798e+01
1.144348665217285266e+01
1.234412944547331392e+01
1.239610481190779367e+01
1.257386668538521768e+01
