-1.286594880001784702e+02
-2.690098047492879232e+02
-7.117702591806876455e+01
-1.797345425032010269e+02
-3.873748267905570515e+02
-1.421778678506814799e+02
-1.591116606750262008e+02
-1.003014023459670057e+02
-9.825975361293804156e+01
-1.121022979758427454e+02
-1.357389880875500126e+02
-2.127800635293858704e+02
-1.741864125193527286e+02
1.172929076444211915e+01
-1.564497221353448140e+02
-7.449395364529522112e+01
-6.443705924922595329e+01
-1.227137769205541389e+02
-4.632789806534318444e+01
-7.803551577932395844e+01
6.749820795649057459e+00
1.256247491354341506e+01
-9.043545111007537685e+01
-1.738342685045655003e+02
-2.145167752216342194e+02
-3.701349293296225795e+01
8.294067958338722235e+00
1.223374137671123130e+01
-7.255927105519290876e+00
1.257660057239588447e+01
5.554505575651100813e+00
-2.270436345927286084e+02
-1.977289699904370934e+01
1.233974748208548533e+01
1.220865461875228597e+01
1.463405277172745045e+00
1.206807049574855739e+01
1.221565197283980808e+01
-1.753299433810277037e+02
1.254042086379401688e+01
1.240723324345598755e+01
1.227046655248155815e+01
1.236355707795438441e+01
1.162298111567552183e+01
1.252243639232591477e+01
5.248117944337296947e+00
1.249018212895874669e+01
1.078964472252869555e+01
1.060645748640018127e+01
1.097469636903325352e+01
7.174706504118065098e+00
9.408591622050050063e+00
1.091678671154546976e+01
1.245135198158295431e+01
1.126370679819383192e+01
1.035914089603207344e+01
-1.263312088117710630e+02
1.135122359129827530e+01
1.065921404708156750e+01
1.065963039057398198e+01
1.020419532840415044e+01
5.238229357979925283e+00
1.252315333262466268e+01
1.207344625632673285e+01
1.226794921483956990e+01
1.258028152301175240e+01
1.244601588218444732e+01
6.013436719097974503e+00
1.256652929853089518e+01
1.165070801287698110e+01
9.931377504186819749e+00
1.167770576169860064e+01
1.253537563415943090e+01
1.105424619275656717e+01
1.242384395525761676e+01
1.237234476652640858e+01
1.236123021451430759e+01
-2.164193353565385891e+01
-4.405851638530585035e+00
1.254679772156919526e+01
1.256709386630211611e+01
1.143584546502766841e+01
1.067516310727052797e+01
-3.772061494394986880e+01
9.524046532713121849e+00
-2.690188874215667880e+00
1.074550670111974782e+01
1.234640373837127925e+01
1.251572044145077811e+01
1.255459823485394111e+01
1.055634145984205929e+01
1.242747803370674653e+01
1.221770063809486473e+01
1.256763507570158289e+01
8.380201247303652679e+00
1.253441445363297291e+01
