-2.082779637232859216e+02
-2.183664199135281478e+02
-9.518931847588322626e+01
-3.554182789032775531e+02
-9.561141617690606154e+01
-1.040726833747262532e+02
-2.858797479423840286e+02
-1.730294924007210398e+02
-8.923193993705420723e+01
1.252661436011155871e+01
-2.032046213858952513e+02
-1.564663069614323092e+02
1.241637919016555713e+01
-8.560427812743856180e+01
-1.166903230174473549e+02
-5.508860412628830545e+02
-1.607362185967148207e+02
-2.354028969671664413e+02
-2.498502448452108524e+02
-1.793036545703101581e+02
-4.274448283714124841e+02
-1.030751417208465455e+02
1.257397539968111566e+01
-6.394684220756474247e+01
-2.458370285517753473e+02
-1.754846769847466987e+02
-2.412381446717404287e+00
-1.767482130833626854e+02
-1.431697770466076634e+02
-1.497097788733537271e+00
-1.207954529771490826e+02
-2.997243629335579271e+02
-1.936551974824118361e+02
-6.306730222591544077e+01
-1.929073682805375256e+02
-1.108618474190010943e+02
-2.048237744409946117e+02
-2.305362102872789194e+02
-4.353769781031787289e+01
-4.013908138191578701e+01
1.220036220120326043e+01
-9.658484340257582801e+01
-8.318639708240375796e+01
-1.644027926437896667e+02
1.255421789493297346e+01
-9.073617392463432907e+01
1.230153387456537217e+01
1.253316752154513836e+01
-2.023388324974579433e+00
9.698442769086614845e+00
-3.100261566588499562e+01
1.228242924862130891e+01
-7.708422971723226169e+01
1.190487940038103432e+01
1.254916997745904794e+01
1.250479862485159899e+01
1.248366846654562323e+01
1.112615703742866913e+01
1.248682129424098974e+01
1.223935175875815951e+01
1.256691634804034408e+01
1.179268863300745807e+01
1.189016722459144759e+01
1.099874069958487510e+01
1.188036816608003399e+01
1.246343928218135666e+01
9.382561368055958084e+00
9.520774538792721842e+00
1.176915345967162452e+01
1.253917571364820560e+01
1.252119384432209870e+01
8.297734896072755717e+00
1.250895171857554189e+01
1.226562903992242681e+01
8.760812591006050809e+00
1.122468648594956875e+01
1.093833916245261229e+01
6.233078725544844545e+00
1.236504711388255728e+01
1.246338159442548132e+01
1.113144281048053941e+01
