-1.282198895230214362e+02
-1.005529518840681789e+02
-2.191970048315001520e+02
-1.135849144411167373e+02
-2.909623635047077528e+02
-2.837811919172102080e+02
-2.516735213803974318e+02
1.251609023537406529e+01
-1.030651833740298429e+02
-1.352633629855719448e+02
-5.012185372382916171e+00
-3.039536690084339057e+02
-2.712209519494513899e+01
1.242838103029565744e+01
-1.811110465586082512e+02
-3.220492848117967810e+01
-7.746792953882810195e+01
-3.943774895459779373e+01
-7.102578491210223888e+01
-4.193827008640773215e+02
-2.287818142464536777e+02
-3.200083557148774815e+01
1.234114819358060799e+01
-4.720893114729802420e+01
-7.474699832929395882e+00
1.219232602629044138e+01
-1.837607502610492105e+00
3.104503568744842568e+00
1.755369015381935682e+00
1.245802420800768928e+01
1.233123427769843516e+01
8.453873194585654005e+00
1.013330006819119866e+01
1.062201653740618568e+01
7.352969048840883204e+00
8.984434073174972113e+00
1.241095917791216152e+01
1.021826437391955267e+01
-1.946450433858128690e+02
1.200594029958732634e+01
9.505597299146629098e+00
1.139925016363370602e+01
-1.637253680469108019e+00
-1.401226964435743412e+02
1.251626446572694107e+01
1.109033200316572021e+01
1.236150260010958668e+01
1.173118821906059495e+01
1.247311423232769734e+01
1.191682911997505556e+01
1.245249426350756572e+01
-1.071808558574943859e+01
1.099785940943412577e+01
1.096086743324014279e+01
1.214180241895353696e+01
-1.679593452099496460e+02
1.208134287329904666e+01
1.110945898665569231e+01
1.232433849526360525e+01
7.151430981074171633e+00
-2.492655589932687406e+02
8.872871934276590267e+00
9.228925729589221305e-01
1.191828847513333223e+01
1.207944652609169722e+01
-9.740956633597495085e+00
1.192028761043949459e+01
9.923955315945898192e+00
-5.304937368460946345e+01
1.228005753537972922e+01
3.570325831531677707e+00
1.109940288022471933e+01
1.165667269766561986e+01
9.961817272656574573e+00
1.179230006137614595e+01
1.257786597156996677e+01
1.113446904337277310e+01
1.227416653062589269e+01
1.216005599682501881e+01
3.850102041288714361e+00
-8.072253583229803553e+01
9.311167703371214799e+00
3.911670407149930639e+00
1.128283973132894502e+01
-7.302130492648630877e+01
1.210531921463028127e+01
