-2.451462151147287614e+02
-1.200227392095457475e+02
-8.228981907732769230e+01
-9.986761862338337892e+01
-2.453348857194613402e+02
-1.809268022823956130e+02
-1.823489781067137301e+02
1.187123264614892193e+01
1.231739702997879604e+01
-1.778826938070452002e+02
-4.261678749270070625e+02
-1.540387896769632619e+02
-2.404581573554588942e+02
-1.700763571508982750e+02
-3.518474659896180583e+02
-5.219467844072100888e+02
-1.259948883480067821e+02
-9.584352528947866290e+01
-1.979019824114739663e+02
-1.200015296065022312e+02
-9.038644211482299795e+01
-2.840776565496117314e+02
1.258239782389940231e+01
-4.680906997080942347e+02
-1.132551597092181765e+02
-1.300728640907497891e+02
-1.304350739994060007e+02
-1.534373352557939256e+02
-7.261035559219068602e+01
9.261328836337572312e+00
-1.234737185755008824e+02
-2.499883819446106656e+02
-6.833544787914709673e+01
-1.289015520587823715e+01
1.250426548373640756e+01
-3.499220777700767115e+00
-1.053673974334909502e+00
4.605487974187159494e+00
-3.662569222451562467e+00
9.747233078545580298e+00
1.245511685289200265e+01
8.223053805861106014e+00
-1.404548261122230102e+01
8.279932327104056355e+00
7.863066932682024834e+00
1.258340025530592676e+01
1.257005303230286586e+01
1.256473454976363691e+01
1.025847595934791556e+01
1.196619474552961293e+01
1.198743513587710829e+01
-2.916326857905671588e+01
1.251906159108374084e+01
1.244446212320995748e+01
-2.712830772325034800e+01
1.229984908874281757e+01
5.330551681969604161e+00
1.243351836831680757e+01
1.691711832640832469e+00
8.826715286951172246e+00
-2.094032166784043625e+02
-1.382475845589457464e+00
1.043213336121901946e+01
1.225557730248243615e+01
1.106479055551523594e+01
5.579001285957865264e-01
5.487601877581264276e+00
1.230707195538230536e+01
-1.654354183137524359e+00
1.218147580114995421e+01
-2.646749757693562799e-01
2.817714270499495299e+00
1.244942882669923101e+01
1.238581173209628972e+01
1.249863060887799016e+01
8.333189913223570500e+00
1.066579490845146694e+01
1.111813806228083124e+01
6.622348294836054805e+00
