-1.659751081381521374e+02
-1.145096070351967512e+02
1.249789586498718208e+01
-9.314787432472793682e+01
-2.131947362028292901e+02
1.252465352812762944e+01
-1.630266631326227298e+02
-1.056644973098854337e+02
-8.446305940445310512e+01
-3.925378682994794417e+02
-8.346000898711821492e+01
6.016277731057590117e+00
-2.009544631635262988e+02
1.186921497605421649e+01
-3.309742618972123296e+02
-1.054502909264175941e+02
-1.420382315137368039e+02
-2.016089854838707538e+02
-6.928395283832725227e+01
1.254242096465544698e+01
1.187103582421169889e+01
-3.149816850055365691e+01
3.196735514701151359e+00
9.897207042252317066e+00
1.243885807957671297e+01
-1.036283267936775232e+01
9.828347270590509055e+00
8.050799670240500916e+00
1.187012785605578102e+01
1.100204522631719151e+01
-5.034004573241652736e+00
5.979185090943605729e+00
1.253140777089751268e+01
5.439898237490655930e+00
7.221548336381005129e-01
1.044692320533383167e+01
1.138199600707092785e+01
7.024691824180023580e+00
-2.351043688230294748e+00
1.156860969231763292e+01
1.243847948701548312e+01
1.238925927818331374e+01
3.481122219223044212e+00
4.688492045276444031e+00
1.183942200069720307e+01
1.148682632187721175e+01
1.136322281553949765e+01
6.921245549933631835e+00
1.250288823567533036e+01
7.785925874658461865e+00
1.219059493818096485e+01
9.723687721776094861e+00
1.251608039934789218e+01
1.213245991467991658e+01
6.254296050276568764e+00
7.956467050027983490e+00
6.898803953096717123e+00
5.789484304076413679e+00
1.229616974094355797e+01
4.687320022794436269e+00
1.227210178961471243e+01
1.252815363144145877e+01
1.246588103543097681e+01
1.152368299125769724e+01
9.301143987884152864e+00
1.009369015603959774e+01
1.211597813117580991e+01
1.245322480112082175e+01
7.278732379085494308e+00
9.662396046167138763e+00
1.119580455218955706e+01
1.232586598243882747e+01
1.143722024128435066e+01
1.245266160753470075e+01
1.025554808035725252e+01
1.258113197081284262e+01
7.334710394642010911e+00
9.066296891298764038e+00
9.731780066466042101e+00
1.032525684430021684e+01
1.218291194648834974e+01
1.196718842724171239e+01
1.094033072002686779e+01
1.175507528148448699e+01
1.125412183346139727e+01
1.412462006307819706e-01
1.235967210743512013e+01
-3.070807719415122961e+02
-4.330152019270862240e+00
1.252961533779426517e+01
1.178604409989513790e+01
6.386565356280840433e+00
1.159814570515872134e+01
1.245910289812744409e+01
1.249385476744410006e+01
9.884550408015037704e+00
1.094178014528191056e+01
1.115675454693765900e+01
1.258185304882068678e+01
-1.193560976273171903e+01
