-1.851877371561525081e+02
-1.700568609908336555e+02
-1.693854054456777476e+02
-1.849718481128542180e+02
-1.643750341114369462e+02
-1.545581345101508361e+02
-1.996857041102663288e+02
-1.552026085859870363e+02
-1.868335300459207815e+02
-1.913505066857411236e+02
-1.610854361704640496e+02
-1.638809088988059841e+02
-2.089950320783894426e+02
-1.509159831266799188e+02
-1.823940536463791773e+02
-1.366607303700153864e+02
-1.455425994144675599e+02
-1.334058546433043944e+02
-1.331516345445533034e+02
-1.154771550439237870e+02
-1.310742877404093463e+02
-1.291752568416366955e+02
-1.131211069275126135e+02
-8.526069231560161654e+01
-1.004972336427983350e+02
-9.180729911672142407e+01
-7.120220355733408724e+01
-7.594102125367449219e+01
-5.532526558143459994e+01
-5.832692165687731745e+01
-5.729476991694062349e+01
-4.049314293014138855e+01
-3.178714184429284018e+01
-3.875867346984369277e+01
-4.914700486357543951e+01
-4.022069894293174031e+01
-2.942294279716920968e+01
-4.529422202698860644e+01
-4.736927494319516541e+01
-2.797063116218857459e+01
-2.301874420993863524e+01
-1.476239619955637394e+01
-3.193599055088989758e+01
-1.335246602276641070e+01
-1.806808335529539633e+01
-2.148252076646498665e+01
-1.197746783788374536e+01
-1.954019044244276415e+01
-2.106101944681554983e+01
-9.743785429889154415e+00
-6.170867145684153954e+00
-1.468215591919750018e+01
-1.980739762946810956e+01
-8.237625596023164576e+00
-9.936983922714523132e+00
-1.010832144575741331e+01
-6.211814933738228461e+00
-1.016993758007896531e+01
-1.433093269011796878e+01
-1.817384218424386022e+00
-1.271929032392862169e+01
-6.397984004143773440e+00
-1.051027948307116766e+01
-3.301505889547606820e+00
-7.132435564066884837e+00
-3.463768428278612532e+00
-8.073239320896945515e+00
-5.830734606794957031e+00
-8.266800146251785719e+00
-3.628427189294870736e+00
-6.069377624472032551e+00
-8.582184454445178190e+00
-5.501747675602474352e+00
4.335753825960670937e+00
-1.810180446516363517e+01
-1.931468648164132995e+00
2.543111764368680916e+00
-5.955819552246453874e+00
-5.523622899168898481e-01
8.152498156893454029e-01
-2.433397890801933805e+00
-1.541658909576728131e+00
-9.812720158115192604e+00
-4.945415622833131408e+00
-7.990815630345979415e+00
8.863862962173797433e-01
-4.084391683266555440e+00
6.350448506605502752e-01
9.692534290612124792e-01
-7.341286682520991924e+00
-8.718583237150563311e-03
-7.074512609508178507e+00
6.664631077572619411e+00
4.667888812457980485e+00
-2.725039525892051895e+00
2.202461910672791401e+00
-6.412974398343619598e+00
-1.760435898606497407e+00
-1.361265457168912230e+00
-2.252219558972713198e+00
-3.707917236833245145e+00
-5.231505148578028397e+00
7.302355166983750756e+00
7.862944891531472358e+00
7.796801107582848722e+00
9.741265536075618403e-01
7.050283950888945883e-01
