-2.261877371561525081e+02
-2.164476649484000461e+02
-1.900568609908336555e+02
-1.944796863544101484e+02
-2.1693854054456777476e+02
-2.0869805802824164687e+02
-2.0949718481128542180e+02
-1.883112547901102687e+02
-2.1643750341114369462e+02
-1.981345188162617035e+02
-1.945581345101508361e+02
-1.840139494860524394e+02
-1.996857041102663288e+02
-1.966157042474889636e+02
-1.852026085859870363e+02
-1.743946876781219828e+02
-1.868335300459207815e+02
-1.782533431940175888e+02
-1.913505066857411236e+02
-1.9022809802185473700e+02
-1.810854361704640496e+02
-1.718939400454491420e+02
-1.638809088988059841e+02
-1.736108567443586423e+02
-1.8089950320783894426e+02
-1.781119760644026826e+02
-1.609159831266799188e+02
-1.534803274899342398e+02
-1.623940536463791773e+02
-1.628313790237165222e+02
-1.466607303700153864e+02
-1.425822929252128120e+02
-1.455425994144675599e+02
-1.486491041638271611e+02
-1.334058546433043944e+02
-1.338674359759178003e+02
-1.331516345445533034e+02
-1.250246863578207979e+02
-1.154771550439237870e+02
-1.255570487277840357e+02
-1.210742877404093463e+02
-1.292018066556837823e+02
-1.291752568416366955e+02
-1.275127634866553308e+02
-1.131211069275126135e+02
-1.198197435001185767e+02
-1.026069231560161654e+02
-9.933165864034076264e+01
-1.004972336427983350e+02
-1.099898735135716095e+02
-9.180729911672142407e+01
-9.680790645222208468e+01
-8.120220355733408724e+01
-7.447920345448284252e+01
-7.594102125367449219e+01
-8.084849569539511549e+01
-5.532526558143459994e+01
-5.611349050689704399e+01
-5.832692165687731745e+01
-6.150822252645966159e+01
-5.729476991694062349e+01
-5.377095663688711369e+01
-4.649314293014138855e+01
-4.944411504956627823e+01
-4.478714184429284018e+01
-4.958205313162809347e+01
-3.875867346984369277e+01
-4.043467029033743643e+01
-3.914700486357543951e+01
-3.995944786179473596e+01
-4.022069894293174031e+01
-3.925562794108147102e+01
-2.942294279716920968e+01
-2.361001367315395782e+01
-2.529422202698860644e+01
-3.000680515862333664e+01
-2.736927494319516541e+01
-3.018267084999723693e+01
-2.797063116218857459e+01
-2.884920255613315732e+01
-2.301874420993863524e+01
-2.11162865189827187e+01
-1.476239619955637394e+01
-1.233380386076109758e+01
-2.193599055088989758e+01
-2.481075520272301205e+01
-1.335246602276641070e+01
-9.791546407263979290e+00
-1.806808335529539633e+01
-1.796909139263125610e+01
-2.148252076646498665e+01
-1.747076007795689634e+01
-1.197746783788374536e+01
-9.332946273680928329e+00
-1.954019044244276415e+01
-1.822219984924593206e+01
-2.106101944681554983e+01
-2.487697949661670194e+01
-9.743785429889154415e+00
-4.890585885801553623e+00
