-2.265187861995978835e+02
-1.958507721909216173e+02
-1.877267568281127694e+02
-1.741963731218630755e+02
-1.693103202969460028e+02
-1.717659167591512528e+02
-1.631140516085942807e+02
-1.678371133334699437e+02
-1.543594312711147722e+02
-1.4446772810433282928e+02
-1.447740957112307569e+02
-1.420525653535881077e+02
-1.379979201069957071e+02
-1.350324190057373244e+02
-1.318708306270787887e+02
-1.302641193231704051e+02
-1.241412665874431696e+02
-1.217561995675739155e+02
-1.0336464091849884994e+02
-1.083194529060110227e+02
-9.754361211773786238e+01
-9.043735689024137656e+01
-7.482200127155520875e+01
-6.670639291584154762e+01
-5.372163344287793052e+01
-4.271616945219756190e+01
-3.954999113852384340e+01
-3.727822612096317556e+01
-3.628672549081234422e+01
-2.509427133832578960e+01
-2.589437479651123653e+01
-1.822337775292060513e+01
-1.544165928476910565e+01
-1.57943210793359405e+01
-1.570897055077530347e+01
-1.755285490278465232e+01
-1.581150090745324910e+01
-1.594486517951189786e+00
-2.524300269168617561e+00
-9.222105736227006467e-01
-5.062690306958518960e+00
-5.280003059852169223e+00
-5.079486202238169268e-01
-1.442731468600725719e+00
-1.687749258353402615e-01
-2.854819957627798388e+00
1.063595746074359250e+00
6.283389051241074164e-01
-2.695717725545224042e+00
-7.744546785453755966e+00
-8.086843327915927304e+00
-6.567856929498522289e-01
-1.383659844363780866e+00
-6.846103239955771969e-01
3.251319637654034977e+00
-1.302373378980453911e+00
2.689818702184962440e+00
-3.770778740138529983e+00
9.390414606828558775e+00
6.481065797603883460e+00
-4.110641237316775332e+00
2.260884163906926592e+00
8.777795374027954622e+00
8.070236120052014073e+00
5.432621573743933396e+00
3.877500543484567186e-01
1.012451994019267332e+01
4.158983769919457174e+00
3.938333547925811917e+00
1.093428555737684071e+01
2.498761666405623139e+00
2.087919810922057806e+00
1.313324619301538476e+01
6.628603062477992358e-01
4.378553387521134432e+00
5.379596105836029984e+00
1.930122960859582237e+00
9.427813814289236483e-01
5.865458959260292815e+00
6.748697407434744555e+00
4.665937597394743896e+00
2.267377511929361322e+00
1.673682912294017111e+00
4.551539953999952814e+00
2.507075058322520089e+00
7.216387026439575969e+00
8.719972482604164910e+00
6.489942347323924388e+00
4.680626169329868524e+00
9.194906134694408095e+00
9.612161946528559042e+00
7.302355166983750756e+00
7.862944891531472358e+00
7.796801107582848722e+00
9.741265536075618403e-01
7.050283950888945883e-01
2.543111764368680916e+00
5.955819552246453874e+00
5.523622899168898481e-01
8.152498156893454029e-01
