-2.269715746501869376e+02
-1.831676274813839029e+02
-1.810161175914752789e+02
-1.671537794540303707e+02
-1.640253977098358291e+02
-1.612818138543373436e+02
-1.605548328616119420e+02
-1.549783747547683106e+02
-1.720355227077039899e+02
-1.729521178001326973e+02
-1.643408636557509226e+02
-1.554575855797646682e+02
-1.518099105292201330e+02
-1.537613259799254877e+02
-1.499554311790322174e+02
-1.384919852232793858e+02
-1.399276319248484128e+02
-1.382050247350672691e+02
-1.173474417461366102e+02
-1.266588649600443972e+02
-1.154466597278588438e+02
-1.110018796591537580e+02
-1.067937497076025295e+02
-9.424315567890536727e+01
-8.250763086125554935e+01
-7.364560177662229989e+01
-7.458556204642673038e+01
-6.897810516277193926e+01
-6.573357439820757975e+01
-5.882654458515161622e+01
-6.534244290196647853e+01
-5.589740043399736891e+01
-4.671113389093893176e+01
-5.732843368599525036e+01
-5.135821511317481480e+01
-3.818533710883993137e+01
-4.010039171254201307e+01
-2.297410181944180962e+01
-2.694043854544499794e+01
-2.154998235295313336e+01
-2.430173906442762544e+01
-1.480654587531058475e+01
-2.078174972386782571e+01
-1.712428398160861320e+01
-1.280592488241370575e+01
-1.793723514845346756e+01
-8.160412556847251864e+00
-2.367973389573542775e+01
-2.635331916068011537e+00
-6.531208014203046197e+00
-1.684602622216744550e+01
-1.923486132179518648e+01
-1.167010672818553019e+01
-1.699880577788265157e+01
-3.903773992295310968e+00
-1.474126207479988970e+01
-7.026376400993863847e+00
-1.377623662552150918e+01
-1.566664950614216067e+01
-1.262510882501676690e+01
-1.898961331164815647e+01
-1.584149330977234804e+01
-6.315359080252704871e+00
4.721876432069527230e-01
-1.910551205867960789e+01
-7.496545741576076338e+00
-5.554790844588791465e+00
8.675032096034346329e-01
-8.468058539720566102e+00
-1.560497632816677305e+00
-1.822498413347235768e+01
-8.539927348898146420e+00
-5.571494408643776985e+00
-2.953249433995929429e+00
-5.774427524352640617e+00
-7.941971419104834951e+00
-1.149097695360452498e+01
-6.831337866004878911e+00
-3.307458031978334212e+00
-1.231872263999667894e+01
4.914143715850508021e-01
-2.209465837579711600e+00
-5.429589002832224232e+00
-8.022144690757316843e-01
-2.656505326194308569e+00
2.143132236491275933e+00
4.070146760523117635e+00
-2.196476399670250768e+00
1.746708640559565762e+00
-7.503914874381182543e+00
3.086034339052891262e+00
5.794197157395316822e+00
3.162480650329034138e+00
3.645769468396180546e+00
4.108186717629465079e+00
2.060125814505427311e+00
-9.139601393975238963e+00
-2.682526700229714844e+00
-1.450102994629381525e+00
-1.187624280594317838e+01

