1.036754040646965507e+02
9.273430693493142485e+01
1.253151570188819193e+02
1.035055036267519739e+02
1.019902810531390145e+02
9.384695806221553482e+01
9.953427186368081436e+01
1.231808856552661524e+02
1.140767477178844302e+02
1.182870755128890607e+02
1.101224548318977412e+02
1.035772028158023943e+02
1.033005783475178418e+02
9.630490915681031083e+01
1.074631205129731626e+02
1.373900880108422484e+02
1.055186947613115080e+02
1.000069052580916207e+02
1.0563113378967881317e+02
1.038190332998658079e+02
1.134046157995725963e+02
1.138279793345894291e+02
8.544190660997587372e+01
1.085695044575488311e+02
9.720497514630231706e+01
7.921285369098603724e+01
8.802677067330957072e+01
7.321022801758340393e+01
6.027528787448466829e+01
7.260387705822263626e+01
6.951664889236811007e+01
8.999703465415421988e+01
7.450997758850529351e+01
6.935239345643435627e+01
7.742097175454006219e+01
7.206843473430753022e+01
6.978229757664916377e+01
6.334741625504689466e+01
6.329707332270942288e+01
4.811209034120123818e+01
5.933512766382346015e+01
5.644709789444431181e+01
5.196133426781020148e+01
5.135492549655129579e+01
5.997674422559914120e+01
6.372170484322745665e+01
5.891488335377229291e+01
5.9737740760597016987e+01
5.593141673178359241e+01
5.758366388764147104e+01
6.047836877271532785e+01
5.341427428489279805e+01
6.121073273032089546e+01
6.243375559001157171e+01
5.769232560976210777e+01
5.979276757378273288e+01
6.931069980148529552e+01
6.440590584911375771e+01
7.302946096495252171e+01
6.487637109836930449e+01
5.358677582666375372e+01
4.804467835883571425e+01
6.521791298318337482e+01
5.520468953841943716e+01
5.865715392126307748e+01
5.608869170632272017e+01
4.888827640831580723e+01
4.060952267076325484e+01
5.364252302024836894e+01
4.650665391900508183e+01
5.177460507566661008e+01
4.788521287385538372e+01
5.546991828936158520e+01
5.274868952774744990e+01
4.253121054745090390e+01
4.523504530437810445e+01
4.935672501112019717e+01
4.607675200633072343e+01
5.293696659444481423e+01
4.465875014606046989e+01
4.361287278209861284e+01
4.361093552873125212e+01
4.581468424337924006e+01
4.316409831024352250e+01
5.059460359635144044e+01
4.720525752863412094e+01
5.287236004065483996e+01
4.909822661591914539e+01
4.493264368325457525e+01
5.459088142776376884e+01
4.412551092602271297e+01
5.669714053494266182e+01
4.692400827725819923e+01
4.982073328071270168e+01
4.701778414587231936e+01
4.630647584542912654e+01
4.112373163417063182e+01
4.856231964772483423e+01
4.641328172582421985e+01
4.701778414587231936e+01
