9.951007169844842792e+01
1.211113017188650645e+02
1.060266420636737763e+02
9.702946769992958309e+01
1.175064001743368607e+02
1.054744122403717057e+02
1.123865980427173383e+02
1.093331003850900771e+02
1.243210415824345318e+02
1.142258783766384624e+02
9.546162407534340844e+01
1.014714667243538173e+02
1.053474875016915604e+02
1.185195968467652250e+02
1.168436437157666745e+02
1.080777678474103283e+02
1.074426936114505793e+02
1.212532312949163611e+02
1.026983561723511684e+02
1.059270305266314836e+02
1.214884291048587954e+02
1.152426388001441211e+02
1.161152933518965398e+02
9.954110631112887120e+01
8.577796130836189548e+01
8.778098567261905316e+01
1.233572316620007712e+02
8.954497358535442686e+01
9.774670316094967859e+01
8.226919454153089362e+01
9.861367467392862807e+01
9.070051640065102561e+01
8.064419672799702710e+01
1.152901148025744220e+02
1.018897597440431042e+02
8.902500951710942445e+01
9.057097948052800973e+01
7.979462630626107966e+01
7.903056824848749784e+01
7.944201200495029980e+01
7.757840356069419840e+01
5.735864292593910818e+01
7.950096396573472646e+01
1.146790802632807527e+02
8.073430891080256799e+01
7.504691863230263493e+01
4.614792193455642888e+01
7.432129005805501265e+01
6.055812998337539454e+01
5.597016542048758225e+01
7.405775858671518108e+01
9.414444841699707922e+01
5.369106430284443121e+01
7.262813230411828158e+01
4.866408372084406153e+01
5.865408244487536393e+01
4.859385292944854484e+01
6.610319369067219952e+01
5.899795040769802767e+01
7.039036015516396105e+01
7.232208293973701529e+01
7.330734396373539141e+01
6.193651410911444088e+01
3.505340879687228295e+01
7.116931292735590375e+01
7.452304557748898617e+01
4.880899142262300217e+01
3.435875212795378530e+01
5.469917097797066674e+01
4.046745666157600851e+01
7.384788286554616832e+01
6.677345132621022117e+01
4.501523444602855051e+01
5.122867683989496612e+01
4.825605268191777952e+01
5.693999003269287584e+01
5.715032111552272909e+01
5.431978959696222375e+01
5.148759204384124644e+01
6.946819061752012203e+01
4.337968910141913881e+01
5.609790116580305153e+01
5.452225334494510633e+01
4.038193463504161684e+01
4.557756596497671353e+01
3.219338605359332206e+01
2.292942632407062931e+01
3.923255089919149441e+01
3.916686953871196408e+01
4.719107584583353798e+01
2.573246309455427294e+01
1.827235889011339154e+01
2.771759515507974925e+01
2.518702251886015731e+01
2.845383100430999335e+01
3.424025171740861850e+01
5.979369441544932329e+01
4.804032243718019402e+01
4.085268815203745163e+01
8.783654403020692314e+01
2.635596247428265215e+01
5.199972051310837884e+01
6.945531764395295227e+01
2.781852641402147697e+01
3.806299376733127104e+01
7.883497093093900787e+01
3.715036212758683121e+01
2.509563641209858531e+01
2.670031427638744148e+01
3.284293386329078857e+01
3.828910082226251177e+01
6.081356958349479669e+01
