1.111128532903366732e+02
1.181315830592911169e+02
1.093697041388796691e+02
1.094197691022730083e+02
1.141243332189454236e+02
9.534394335390608433e+01
1.234438530347293863e+02
1.102021416661454509e+02
1.191936553054495391e+02
1.202370969163270331e+02
1.178086273472694785e+02
1.251006371554607881e+02
1.332123413018370570e+02
1.022872806345884982e+02
1.094261393729301091e+02
1.293808285330846388e+02
9.495793173830729472e+01
1.050304920590561579e+02
1.091295312027094013e+02
1.027027902674622766e+02
1.112747045293351533e+02
1.088473739139582648e+02
1.009196077882539129e+02
8.845233155607211017e+01
1.058235136824348785e+02
8.546880911860256447e+01
9.896699708458554312e+01
9.391451732056235358e+01
7.925051881581701707e+01
7.296308686361425089e+01
1.099624793389328232e+02
6.986946052287225939e+01
6.955283656711601736e+01
7.244130381274345609e+01
7.776307848913336329e+01
9.084181245951346284e+01
7.123280959091266595e+01
9.872615745562467282e+01
8.780877556351693158e+01
6.376055940626479668e+01
7.007913813058522123e+01
5.555735686512316107e+01
8.493072090373711092e+01
6.956793803591543224e+01
6.369464894662182530e+01
6.360268719080999489e+01
6.139954364282179711e+01
7.186444679743665631e+01
6.291391841734577639e+01
6.283185176656040483e+01
4.627125131188032015e+01
7.936442945387149450e+01
6.409430401918602627e+01
6.818993665731231602e+01
5.444192208146034773e+01
7.245672550286580815e+01
5.210868604717369834e+01
6.098742257121124055e+01
6.544625641661689031e+01
4.929288237098018755e+01
7.038634209989433543e+01
5.918667016141017001e+01
6.501067280434681095e+01
4.135262349256154835e+01
5.872478666317454810e+01
3.783613151609521452e+01
5.278996244662333481e+01
5.103263046249226420e+01
6.194768671887998579e+01
5.308808781511591945e+01
5.922702414353430811e+01
5.679000878668270502e+01
5.515938215182009685e+01
2.962472083657564781e+01
6.876725838964722470e+01
4.214823427239268483e+01
3.628779451308896853e+01
4.479261687122609459e+01
3.946346125944673844e+01
3.640303347072386231e+01
4.234148031696348369e+01
4.141286634629400254e+01
5.536104435168336835e+01
5.266698060197357023e+01
6.498201421834983194e+01
3.630730286056817135e+01
5.239013515625554618e+01
5.287236004065483996e+01
3.909822661591914539e+01
5.493264368325457525e+01
4.459088142776376884e+01
7.412551092602271297e+01
1.669714053494266182e+01
2.692400827725819923e+01
4.982073328071270168e+01
3.701778414587231936e+01
5.630647584542912654e+01
4.112373163417063182e+01
3.856231964772483423e+01
6.641328172582421985e+01

