-3.823375564762555427e+02
-2.680717811989363213e+02
1.257038703157630088e+01
1.245404529195903898e+01
-1.511385302297776434e+02
-1.787392031987443772e+02
-1.342733143448694193e+02
-2.144303608308631937e+01
-4.940806120595002540e+02
-5.441743128084032151e+02
-7.269010263460278338e+02
-9.839535326559816042e+01
1.254002999831834941e+01
-1.116459581898831317e+02
-2.152061818887800086e+02
-2.468106595738716180e+02
1.184587811651623213e+01
-1.562233270291458211e+02
1.257235534872362059e+01
-3.650775660454542617e+02
-5.827056510630934554e+02
-1.022457396056768033e+02
-1.877573901566732388e+02
-2.683096663576240530e+02
-2.748312456192417699e+02
-9.873801123085408449e+01
-1.946829434418560538e+02
-2.456214590215866451e+02
-3.490510915562495597e+02
-2.653885495238247358e+02
-3.159569741410704182e+02
-1.956090506184988271e+02
-1.488311382953893371e+02
1.254880469737338089e+01
-1.486819237659627220e+02
-1.720256968110629714e+02
-1.799204525665841743e+02
-2.794683664562832064e+02
-1.133459299979850954e+02
-2.042064270294257824e+02
-2.093683936561964742e+02
-1.011873318262134376e+02
-1.523542526663997876e+02
1.239213611314285224e+01
-1.486184932626773616e+02
-1.786281251610820959e+02
-1.869498096683052495e+02
-1.002747257808241130e+02
-1.989063244351233095e+02
-1.417223940374289839e+02
-4.557117629683444875e+02
-1.885211400655836371e+02
-2.120142573920717552e+02
-1.037810704521591560e+02
1.257035650141835248e+01
-3.992860245479995029e+01
-1.318901995850119704e+02
-8.800923825996449068e+01
1.256742290115084515e+01
-1.067058260953384234e+02
-2.876850646683400896e+02
-1.598832675957236802e+02
-2.331718666682577350e+02
1.233772968214556798e+01
-1.322361542690788667e+02
-6.204404336523806762e+01
-1.335177534558528976e+02
-1.755103846713981284e+02
-8.805134532574223272e+01
-4.527085699781138572e+01
1.208220273873738471e+01
-3.595657169928750818e+01
-1.845960987770800728e+02
-9.982892434289983896e+01
-2.777577739929302538e+02
-2.335040432626647657e+02
1.071637861261388380e+01
5.435855858708086075e+00
-3.577106088418245236e+02
-2.050736859734201118e+02
-1.165985992910043620e+02
-1.875815029828636114e+02
-3.315007462949906625e+01
-1.745883379195428518e+02
-9.288568921603328477e+01
-3.759130943841370254e+02
-7.414338881217616972e-01
-1.460830714982911331e+02
-4.834599787963451831e+02
1.207945115747445008e+01
7.508841802214273997e+00
-9.107457253493485894e+01
-1.232441798936597195e+02
