-1.838156418581143043e+02
-3.030686328445058280e+02
-7.961041548559548175e+01
-1.844314083812566025e+02
1.070870954615211801e+01
-2.146939104480519518e+02
-1.117967284809801356e+02
-1.604678332073800675e+02
-2.540292176485545497e+02
-2.807619407566133987e+02
-8.950860023329958892e+01
-2.270202144021052106e+02
-2.264552550070022789e+02
-1.837109534885943560e+02
-5.386915234162877653e+01
-2.043537331513983020e+02
9.386485581597428407e+00
-2.035092309538649431e+02
-8.876599577951104436e+01
8.626659802962493018e-01
-1.973167311548677958e+02
1.244589246856927645e+01
1.238789471327741509e+01
-1.696926983401960740e+02
-3.547893626590165468e+02
-1.009473158090923164e+02
-1.655343692462671754e+02
1.192462704426195153e+01
3.161564970884139569e+00
1.189929029833625229e+01
-2.667520841922630552e+02
1.239543943162720119e+01
1.191119053603238598e+01
1.228922693673057509e+01
-3.201080205160132550e+02
-4.459235882505180371e+02
1.231809007029903569e+01
-1.924786294785883172e+02
-2.660986440982705403e+01
-2.360058135395835279e+02
-1.349790338573326949e+02
-1.811873655888612404e+02
-1.022258401842182707e+02
1.239489678820247320e+01
-1.360607675283772551e+02
-2.011340703700322194e+02
-2.493778574527598551e+02
-1.766860327892215423e+02
-4.390326041803175485e+02
-4.996537774774661500e+01
-2.061287720790365938e+02
-7.821000517285553144e+01
1.232511503222922045e+01
1.201287661377932636e+01
1.244616734317893325e+01
-2.094660719180931778e+02
-1.025025184857487375e+02
1.245981464439193331e+01
-1.164113607000450088e+02
-9.770442924572701315e+01
-1.675072673785784616e+02
-6.552139428275880562e+01
-1.039769424430382827e+01
-1.371142433167221100e+02
-2.020404250952437621e+02
-2.202228413621039635e+02
9.966054138547194796e+00
1.255854830452627446e+01
-2.995431308309825340e+02
1.231756435908337188e+01
1.234802543030164479e+01
1.234813490760057242e+01
-1.616025841185469289e+02
1.246108596950805847e+01
1.250540910482413359e+01
1.255343546664776966e+01
-1.077397003557768471e+02
-7.817333391392551789e+01
-1.401022412189718693e+02
1.246713533618754788e+01
-5.326810074616551560e+01
1.245057035102066934e+01
1.254846493417093356e+01
-7.364399850719433971e+01
-1.411260630940240048e+02
1.247634444794077169e+01
1.206300320824497163e+01
1.249488706535833593e+01
-1.552290251549446225e+02
1.232912903384637815e+01
1.256510842274768081e+01
1.219332868757013699e+01
1.216759794861606458e+01
1.251649321429512085e+01
1.252398476760173551e+01
-1.911824312138739970e+02
-6.646684621352102340e+01
-1.532122553012945332e+02
-1.278103131035611000e+02
-1.917517174635612776e+02
