-2.062098450709809470e+02
-2.071450135710637426e+02
-2.495969797623912996e+02
1.229993224082825520e+01
-3.279934727639882226e+02
-1.744577727479050964e+02
-3.878285721060337323e+02
-4.377475545605872185e+02
-1.279627009266866082e+02
-7.837407975836471508e+01
-1.518584767592231799e+02
-3.138516272918334948e+02
-2.088598963694713291e+02
-3.544603484801176023e+02
-1.960737042930899179e+02
-1.107864447684481917e+02
-1.637410095114431101e+02
4.889687200402702771e+00
-8.118315343911018545e+01
-1.649515859490914522e+02
-2.580072948460551743e+02
-2.937972073524642838e+02
-1.200142838787094774e+02
-4.137730513132264036e+02
1.250609243798561110e+01
-1.107927841501088437e+02
-2.565909751141246602e+02
-2.566895388873526258e+02
-8.407281161432604222e+01
-1.537881044731675217e+02
-2.965407090749519057e+02
-1.305093114774832941e+02
-2.302704126784381913e+02
-1.474057344853495124e+02
1.075385064312932215e+01
-7.363648522456617229e+01
1.247569087598620463e+01
1.252495676771774669e+01
-3.683271781331102943e+02
-1.697288678813924605e+02
-1.956755951192642442e+02
-8.600359743406438895e+01
-2.932428395356961914e+02
-2.886338978304295324e+02
-2.519760328429061929e+02
-7.602034873969984119e+01
7.460919947121272600e+00
-1.847476790287943516e+02
-3.935687847614144630e+02
-2.083194099411248317e+02
-1.219590154296370343e+02
-2.072367089266889479e+02
-1.319045444383897063e+02
1.226262921281180063e+01
-1.832499744273458759e+02
-2.101931959306326121e+02
-9.493971700102153477e+01
1.089024524016500983e+01
-3.854588457133534689e+02
-1.731292871684816532e+02
-8.053777797200800137e+01
-2.869662972141296677e+02
-2.753464730065578578e+02
9.401029668268499506e+00
-1.669040821359587881e+02
-2.339282636798209012e+02
-1.554724339375234194e+02
-2.033376192723062843e+02
-1.400295536583314799e+02
-3.697222616076943069e+01
-9.946185020584040615e+01
-3.352695128957466864e+02
-1.340945781311058056e+02
1.247617796517482702e+01
-2.012337084256578237e+02
-1.279057968798132663e+02
1.195650075931144940e+01
1.235471573985676308e+01
-2.651783455438977626e+02
-1.874142583833614140e+02
-1.653049296940487523e+02
-1.724206255574796387e+02
-3.206429657497514540e+02
-1.375686859202103562e+02
-2.017964924491184036e+02
1.201008929094120248e+01
1.214851620546303756e+01
-2.555720329602717982e+02
-1.981077375024164553e+02
-2.555008573003255208e+02
-1.724256382891431940e+02
-1.480791671558926055e+02
-1.333797049033320263e+02
-6.299063440435528349e-01
-1.251542618592152394e+02
-1.968287632836262162e+02
-2.606182623177172530e+00
-1.426821180570702268e+02
-2.606422856923094287e+02
-1.770129008238838821e+02
