-3.787111195705267619e+02
-4.684926283950995298e+02
-1.947782905370150672e+02
-2.373030080777032254e+02
1.246861255160990289e+01
-2.459932882964240832e+02
-1.144086578023785989e+02
-2.072506794397459089e+02
-2.137247845372064319e+02
-2.045460858950545173e+02
-2.488490535769703627e+02
-6.549519721459174093e+01
-9.177563792045486935e+01
-1.061342860306043718e+02
-2.030523419791326774e+02
-1.903876965096938534e+02
-1.018629038413715904e+02
-1.553225897570407881e+02
-1.030603090907715966e+02
-3.402813088831781556e+02
-1.114932458745705759e+02
1.245605959918553296e+01
-4.318137935295372358e+02
-1.114764543380047712e+02
-3.893716261321181378e+02
-2.607454045077464571e+02
-4.676654437201692645e+02
-2.937124862613329128e+02
-3.204500625392047937e+02
-3.331598648712087538e+02
-2.021955255457545775e+01
-1.649443862468629902e+02
4.592695006112457179e-01
1.249705265745719451e+01
-9.588947504573668823e+01
-9.941368264314085934e+01
-2.309607424403307903e+02
-1.664455219240069255e+02
-2.688038461341374727e+02
-4.509093753571278285e+01
4.002724451690729879e+00
1.151994438497796480e+01
-9.982574244718868783e+00
1.225197761058844037e+01
-1.531266254452233966e+02
-1.219557362062385835e+02
-1.894751939252904265e+02
-1.167399646281458843e+02
-1.166686895023742352e+02
-3.439977882648101968e+02
-1.330873838640613087e+02
-1.002746097471476361e+02
1.252815526247132993e+01
-1.247070724126246830e+02
-1.533182419906366079e+02
-8.177875967938545898e+01
1.192341739860549765e+01
-6.502380361592761915e+01
-1.326035876456381501e+01
-2.347438528249536489e+02
-1.791787204598257404e+02
-2.570270904247588533e+02
-1.455346684261496080e+02
-1.301265093209132431e+02
-1.412989459184105669e+02
-2.288929272767840359e+02
-3.502118340507608423e+02
-9.441102065741725369e+01
-1.553299436962859943e+02
-1.769897047750112051e+02
-1.260845307829964668e+02
-1.329908750677566331e+02
-1.436575444478940540e+02
-1.752533251664955003e+02
-2.446400405648379461e+01
-2.131940918242247847e+02
-1.125101233558634917e+01
-1.379939604196108860e+01
-1.507200462615370782e+02
-1.199854267541431625e+02
-7.062685534137018806e+01
1.226464290026936865e+01
1.250363905279306564e+01
-2.915387582155517521e+02
-1.595925244728491634e+02
-2.065581589582578204e+00
1.234615115643898697e+01
1.166464932982559688e+01
-9.873417950203790383e+01
1.216983117679803428e+01
-7.836109740971784277e+01
-1.965322013903723359e+02
-3.798380915125613910e+01
1.253359957685204229e+01
-8.535977403478554493e+01
1.251696140551408121e+01
-1.489216722832838116e+02
1.236443582517971507e+01
-1.463503902842909667e+02
1.231016718703333090e+01
