-1.032941112232498568e+02
-1.116347009743122385e+02
-3.862374086438985614e+02
-1.379033163610089048e+02
-2.375412967960274955e+02
-3.678203365266203377e+02
-2.856612254245011400e+02
-7.188935746277034866e+01
-1.269383083368541492e+02
-4.416909568080974680e+00
-2.348214441308085725e+02
1.256870490129103857e+01
-3.561436940140614524e+02
-1.685833802140515445e+02
-2.541745153868544378e+02
-1.333725716639739858e+02
-3.681086256688771385e+01
-2.451032783498825438e+02
-2.894523775228504974e+02
1.239995580368592165e+01
-9.850964480892928066e+01
-1.468260325807513595e+02
-3.616175308808254272e+02
-2.185066733285680982e+02
-1.071192543280337972e+01
-1.014929057933375418e+02
-1.420711226573797887e+02
1.248850029941371709e+01
-1.527995346666072294e+02
-2.701560604430180774e+02
-4.066519994729470113e+02
-2.954304286486574256e+02
-2.265703798697263665e+02
-7.074131609927772502e+01
-1.008416066599749854e+02
-2.866944255780972526e+02
-1.418887338919802943e+01
-2.524035140040201100e+02
-1.543330178666881238e+02
1.121793036638232444e+01
-1.825490649906220426e+02
-1.615844169193731830e+02
-7.894148507440239371e+01
-9.682513588456171760e+01
-1.609336122868837435e+02
-1.409767492940020190e+02
-7.856069279043384768e+01
1.239942565708598465e+01
1.250961403793156101e+01
-9.767448609425034078e+01
-9.998972945342325147e+01
5.471268455423293986e+00
-1.790921543379433274e+02
1.252876263022385572e+01
-9.698617258339288583e+01
1.255983370755790318e+01
1.210867940618794769e+01
-1.633352941608975186e+02
-3.509453968244831401e+01
1.240600253134254238e+01
3.880370036983153526e+00
1.251184487737967110e+01
-1.945982586271284731e+01
-2.421320046752818484e+02
-9.341864860492343325e+01
1.256290962383984855e+01
1.171095806669102934e+01
-1.631193822125685244e+02
5.824446764557722034e+00
-2.330082393677670893e+02
3.117343983061253709e+00
-1.193431257989608270e+02
-4.290631127650781877e+02
-2.302845439040118833e+02
-1.705960340357438554e+02
-2.664027972644673241e+02
-2.107361138897715591e+02
-2.065530591528851403e+02
-3.130256013768093908e+02
-6.598433947605911953e+01
4.260710045551103775e-01
-1.348959556451156914e+02
-2.351697622054322068e+01
-1.406310037701339297e+02
-2.218817088950442269e+02
-2.440129851447291571e+02
-7.415466162437891740e+01
1.230203033978561855e+01
-1.541663395814024966e+02
-2.415615722850426721e+02
-3.839206500808346050e+02
1.248566162968662852e+01
7.362846913189083686e+00
1.244659547556973322e+01
-2.709186276115222540e+02
-4.259275745048470299e+02
1.226050982361003072e+01
1.229486790055634771e+01
1.246123741073902202e+01
-1.006864122904613481e+02
