-1.817117306031224757e+02
-5.277141841811932181e+02
-2.703991218490544384e+02
-1.571087601626685455e+02
-1.478444514744171272e+02
-1.818993380848115464e+02
-7.761749823019550831e+01
-1.849609116219917553e+02
1.253622137441979589e+01
-2.909445521178986951e+02
-3.734499179097313117e+02
-7.631276972862610819e+01
-7.832881990017472162e+01
-2.251896017264855914e+02
-8.263312342837669178e+01
1.250677115288291219e+01
-9.130227639760289549e+01
-7.691204900995215610e+01
-4.947262312031425040e+02
-2.739102433277604405e+02
-8.195607344647858383e+01
-7.651371396994693441e+01
1.201766918747663304e+01
-4.206677000281185883e+02
-3.082966878059608007e+02
-8.913521265095523916e+01
-1.691528117538983622e+02
1.254230737443350208e+01
-3.582091126695570438e+02
-3.428553309217790570e+02
-9.119105413005551952e+01
-1.463240002284167645e+02
-9.163314272732009158e+01
-2.749223807759658484e+02
-1.676795125649192357e+02
-8.746878155269132549e+01
-9.776863822659953485e+01
-1.168525875691522629e+02
-3.484074255061465237e+02
-1.840802789242830215e+02
-1.763894563015564358e+02
8.636067512550450687e+00
1.052603720274932542e+01
-1.023825834668439825e+02
1.200461576730613622e+01
-1.668373322192692569e+02
-1.422950306038633528e+02
-3.800976478566611263e+02
-3.788977827386398189e+02
-3.965138890067922830e+02
-1.156618130491281278e+02
-2.804840690373624170e+02
1.217649946914845671e+01
-2.827495203557865011e+02
1.010738594980245608e+01
-7.361772460075111724e+01
-1.361998620955551758e+02
-1.701419318488276531e+02
-2.242306026354578137e+02
1.253366410678680865e+01
-1.384158130713842070e+02
-3.554678786199402651e+01
-8.840789414678117453e+01
1.211694921661151270e+01
1.255488988649693027e+01
-1.475396104599061005e+02
-3.642046647416076866e+00
-3.702908522523466672e+01
-9.825486701783147225e+01
-1.435006593917591431e+02
1.236540692398934027e+01
1.231901313335372805e+01
-2.289874175043990476e+02
1.445751370571963790e+00
-1.950775155376943530e+02
-2.200206904295113191e+02
-1.598001357987017457e+02
1.237877316417699802e+01
1.211034530464640646e+01
-1.262468980464032029e+02
-1.281496374008239059e+02
-3.800305614152979672e+01
9.149981523218571056e-01
-1.174087777334711831e+02
-1.896597368297951505e+02
1.241958764230928836e+01
1.245437042905555458e+01
-3.961830674888877724e+01
1.221808954662424185e+01
-8.141644977059263510e+01
1.235812439513171412e+01
-1.766922337145165329e+02
-2.115057077658243827e+02
-4.100813300779439885e+01
-1.981515098303952698e+02
-3.412155960330750872e+02
-1.652164032520895773e+02
-2.301232368343033841e+01
-7.088357822713913947e+01
-9.893851581130070372e+01
