-1.112411938792729273e+02
-3.187727919632717430e+02
-1.258641137148160567e+02
-3.139161518020603125e+02
-2.610930754219148184e+02
-2.955107103064331113e+02
-4.178267946587717461e+02
-1.175665284157401089e+02
-8.544551587186289510e+01
-3.525402123838147190e+02
-2.210351982310006349e+02
-3.764993576241391224e+02
1.254389206308925964e+01
-2.044322783177298390e+02
-2.345904080769273889e+02
-5.096883339460231355e+02
-1.346421614770077895e+02
1.257554031801361560e+01
-1.581937071032082827e+02
-2.185124500776564673e+02
-2.002488956822805903e+02
-7.714174728794013447e+01
-2.011247992242420253e+02
-6.785408182959679380e+01
-1.674147737989717655e+02
-1.233145428510186150e+02
1.251319752551371600e+01
-3.139514851643143061e+02
-1.869675449485808940e+02
-2.148058576417981271e+02
-1.358693521479869730e+02
1.240939337185389135e+01
4.301006617226565965e-01
-3.146201248893957541e+02
-1.029683243211634931e+02
-2.266995858419621470e+02
-8.629046304593465777e+01
-1.032497496904440339e+02
-7.796835567274227685e+01
1.236644897901426887e+01
1.247042472132208069e+01
1.226736687382506474e+01
-1.506423946590291507e+02
-1.350013610711023944e+02
-3.726488076547159523e+01
-9.348081004351348611e+01
-1.969659386216296753e+02
-1.556731646951626828e+02
-8.138053443081572880e+01
-6.978155241626043903e+01
-1.492031691109681617e+02
-2.907477873527463998e+02
-8.542608808048073854e+01
1.189055262140742641e+01
-1.785872401785860859e+02
-1.084483689531921442e+02
-1.737493137308458984e+02
-8.854836511750221462e+00
1.234058676214135630e+01
1.239036754083654657e+01
-2.295005930810676205e+02
-9.226855952755769863e+01
-3.322989415043132340e+02
-1.931757053742386177e+02
-2.208861792867208464e+02
1.253639895958389516e+01
-1.194052772326145089e+02
1.230087751354264647e+01
-3.324086568921391063e+02
-1.289276161485278465e+02
-1.422085455416207083e+02
-1.401497902741891721e+02
-5.576962526454246216e+01
-2.460608998798716698e+02
1.230463558932978607e+01
-2.564754981846480177e+02
1.256389742475850468e+01
1.245088585200221054e+01
-4.110973377688159758e+02
-1.354173445642237255e+02
-3.075662061933878135e+02
1.135947076015884250e+01
-1.612985063973498256e+02
-1.307377949910220138e+02
-1.657510053326490151e+02
-2.019209076994685574e+02
-1.715904369375021332e+00
1.254902060988893275e+01
1.225878625931435195e+01
-4.683926559238309295e+01
-3.711680610081330656e+01
1.233079917501360256e+01
-1.530691431765856407e+02
-1.141405108706667306e+02
-1.473961494505769565e+01
-8.749738737121340648e+01
