-3.052995894858790962e+02
-4.158746262518832850e+02
-9.103787571642226339e+01
-3.200611519071121052e+02
-1.748607107516787380e+02
-3.163436299941882339e+02
-3.764709190034427593e+02
-2.494035194662694153e+02
-2.834256202467079788e+02
-1.480155430496705833e+02
-1.489001920348665635e+02
-8.270233637661456783e+01
-3.496190874109548758e+02
-1.398241228635086202e+02
-2.723963133928147045e+02
-3.220387129578701320e+02
-1.397698439509180446e+02
-1.086339060333956468e+02
1.206427537995450727e+01
-1.104537434842897170e+02
-1.645177526155229373e+02
-1.993728532831895848e+02
-1.848580321451588588e+02
-2.290172209617864780e+02
-1.154327247673144541e+02
-8.138331999955221363e+01
-1.613891141546179426e+02
1.193395860885492787e+01
-5.167763804342904166e+01
1.255262562770679047e+01
-1.534000384994894546e+02
-1.054038970450559702e+02
-1.458073978381449365e+02
-1.592085874009540589e+02
-1.926917998588959335e+01
-1.159897168732854738e+02
-2.573752000733373961e+02
-8.825419665572863437e+01
-5.504435276581419885e+02
-1.868017307676636847e+02
-8.604206807165527948e+01
1.238859202970037998e+01
-1.101884478862451147e+02
1.026941820139018446e+01
-4.688492389050626485e+00
-1.144550536272534202e+01
1.237329993453124111e+01
-2.097855330937742053e+02
1.250494824666669125e+01
-9.138364097700635114e+01
1.256079042819681213e+01
-2.223967406853184059e+02
-8.647077452511874185e+01
-2.563704710575324839e+02
-8.791524321289614363e+01
-5.590616870954013962e+01
-8.327499471951972509e+01
-2.594533240354794543e+02
1.249263804929670485e+01
-1.225815610765323100e+02
-7.420951199462443526e+01
-1.518021617523162803e+01
-2.765781378565157524e+02
-2.460063930033101656e+02
-6.455050472616079560e+00
1.232753678924342822e+01
-2.360065415918144822e+02
-3.443909823913858759e+01
-1.878971651636345257e+02
-1.310668002499876650e+02
-6.106298997180633137e+01
6.161348577804266924e+00
-1.209048884106810462e+01
-7.332240292401922943e+01
1.249940733087579403e+01
-2.254624402086028567e+02
-2.607130743506828026e+02
1.250882686780992969e+01
1.018467196780991380e+01
-1.796465068918505210e+02
9.823150441709039171e+00
2.065335629273748808e+00
-1.442484595704333685e+02
-2.371014721908586864e+01
-6.751166442671557633e+00
-4.348159018356437144e+00
-2.128515216046220360e+02
-3.679991967894567040e+01
-1.324121811296271289e+02
-1.811096354075903889e+02
-1.891785579011928178e+02
-1.304265497307191595e+02
-2.187996788646430275e+02
-1.437403144117632223e+02
6.319761904229919125e+00
1.243670968529805521e+01
-1.891584611292396971e+02
1.054970573876244089e+01
-8.378535943125906726e+01
1.240969413749127170e+01
