-1.298117032729529114e+02
-2.702338865034908508e+02
1.254870973824775504e+01
-1.104219228608084222e+02
-1.538062257889413331e+02
-1.684109236887043721e+02
-1.648534380300384896e+02
-4.389236631688922898e+02
-1.003897477906604507e+02
-3.712973613185328645e+02
-1.486888477395424104e+02
-1.104440537270237712e+02
-8.499943204978012545e+01
-3.379329963082464587e+02
-1.080280276667643022e+02
-1.287231524509903124e+02
-7.810622317849734486e+01
1.217440097162332613e+01
-3.211715515222366548e+02
-1.486961882683834517e+02
1.242364386157786882e+01
-1.534797511623698654e+02
-3.414581294662426103e+02
-2.625648365075592778e+02
-2.860762179536442886e+02
1.199685135028256155e+01
-2.847514202792407900e+02
-1.633431995144747475e+02
-1.810696597878686305e+02
-4.755414870757597612e+01
-2.021136573762347268e+02
-8.155121702882370016e+01
-1.817841697673896704e+02
-3.590436764419018800e+02
-1.440685144051637110e+02
-1.134071471829844029e+02
-2.149831468892212740e+02
-1.286529689912988488e+02
-2.220614631059794419e+02
-2.375418096990356958e+02
1.166257116055798448e+01
4.063480257978552501e+00
1.244936304066552424e+01
-3.352110210955627849e+02
-2.650145098391840861e+02
-3.320494898136080764e+01
-3.136272659139896035e+01
-2.300183609634291031e+02
-1.380324507458159928e+02
-2.941063586564825414e+02
-1.627671208017248432e+02
1.208695628188160498e+01
-4.551620262922164670e+02
-1.567343316073245489e+02
1.229914559472617697e+01
-4.206773300213572497e+02
-1.361728808188717892e+02
1.174670094806019627e+01
-2.854329973286871223e+02
1.248859534925528436e+01
-1.690095061430704959e+02
-1.612398795772789128e+02
-9.741824886752982593e+01
-1.663245493608660297e+02
-1.489732550336034649e+02
-1.676389642656588421e+02
-1.819445202918708446e+02
-5.754104360060726719e+01
-2.263353597477980657e+02
-1.332682565251269935e+01
1.972917988090649999e-01
-1.610616975622747020e+02
-1.927926974703390499e+02
1.227924203033662565e+01
-2.568609835010674374e+02
-9.695339746691095684e+01
-1.140294642002039325e+02
1.211016787256307836e+01
-7.936252970407468865e+01
-1.544009874302265075e+02
-3.419449529286969778e+02
-1.279490271679835871e+02
-2.478838008488111200e+01
1.222250317930626018e+01
-8.055320577353049316e+01
-2.417748629738385944e+02
-2.098324453638147986e+02
-2.264839763985761181e+02
-2.058419021419366146e+01
-2.004186388440534472e+01
-2.124054548229926098e+01
1.250673545240678664e+01
1.214292511685257203e+01
1.248001089112056938e+01
5.209895802041113910e+00
1.218433025707293282e+01
-9.014767733974500175e+01
