-9.322291378322165656e+01
-1.910293676592123404e+02
-1.688980740580438749e+02
4.590171536560660570e+00
-1.880833859643896915e+02
-2.597060244228649708e+02
-3.902093045935109785e+02
-1.097820173258661356e+02
1.240468519336212694e+01
-2.252115864497391726e+02
-2.148025866094867524e+02
1.229668724368284671e+01
-2.508154760072823706e+02
-2.189014843543281756e+02
1.255856541158773609e+01
-1.637604318818542026e+02
-9.306670786586835220e+01
-3.950624900074943184e+02
-3.691544728836604463e+02
-3.820697389998252902e+02
1.230862896696116415e+01
-2.576204064163796943e+02
-1.599998518751922632e+02
-1.909348328739427814e+01
-1.846295385332027479e+02
-4.406393722208214569e+01
-2.603657180757502942e+02
1.257192601189318282e+01
1.194140650004576543e+01
1.249757377650361079e+01
-1.004234848452343414e+02
-2.264144611452701099e+02
-2.128107676800521233e+02
1.174175688489355451e+01
-1.862962830031893589e+02
1.251412964976501030e+01
-1.757110222418777425e+02
-2.009053340475587675e+02
-1.630010601371565997e+02
8.570475269533179841e+00
-2.222124926376433223e+02
-1.277171197685608348e+02
-2.396284796359736333e+02
-2.019988847085483314e+02
-6.939401119787561356e+01
-3.768378314126408100e+02
-6.716257174845586064e+01
1.197024575788091916e+01
-7.493895812536416656e+01
-2.059848378703751450e+02
-3.545003347081956235e+02
1.119413029052879516e+01
-1.268728922596590678e+02
1.248349835089157445e+01
-3.303282026745308144e+02
-1.901313524578302747e+02
1.246415774763057627e+01
-1.459422912273516317e+02
-3.222036188441848594e+02
-2.218227840273671347e+02
1.251809122333471791e+01
-3.795726521235765745e+02
-1.843508160328554482e+02
-4.238232001391119184e+02
-1.906461030417062545e+02
1.257241385770505104e+01
1.222044309714100052e+01
-2.651336633456963909e+02
-1.686068331515210446e+02
1.175062959984946076e+01
1.172459188707544442e+01
-1.125598271562604111e+02
1.165441046582180995e+01
-2.252420951558895581e+02
-1.503006613381859040e+02
1.238556329717086157e+01
-1.583357519641357669e+02
-1.559684060463630146e+02
-9.770991659334661961e+01
-1.830473876799944435e+02
-1.402192146520779374e+02
-9.573751913894648169e+01
-2.194441886244622424e+02
-1.697790600957884521e+02
1.246575552396152275e+01
5.638172304289158276e+00
-1.020610894165921110e+02
1.155703880919728199e+01
-9.742803303005011628e+01
-1.636261084306522093e+02
1.253408888627549089e+01
-1.426313577373878729e+02
1.238911472395612634e+01
1.248685178724703526e+01
-3.355782206940567107e+02
-1.839039925830253992e+02
-1.500127396596018912e+02
1.246028187797390530e+01
1.252505228250634772e+01
5.164782697631109087e+00
