-1.215550248434917080e+02
-2.511742554442856772e+02
8.478253414478206906e+00
-9.238349322680890907e+01
-1.895003565875042568e+02
-1.095251842031022420e+02
-4.520452814500497141e+01
-3.824487835483993763e+02
-3.998013761835426294e+02
-1.283400467729731531e+02
-2.061407126610537546e+02
-2.108132120428258531e+02
-5.393625189476152855e+02
-3.636571227688390309e+02
-3.916394985852817285e+02
-8.414554390611877466e+01
-1.598265548077074811e+02
-8.889138713738206832e+01
-1.182945351518248316e+02
-9.242495968716552568e+01
-1.108765800938922013e+02
-9.628742195379879831e+01
-1.405530475967460973e+02
-1.054060301340832808e+02
-1.513230154982261126e+02
-4.518638710984912450e+02
1.252040653300049655e+01
-1.358401359410360953e+02
-1.724357236479099811e+02
-2.600320905246751977e+02
-1.125620332710595335e+02
-3.596029942864878990e+02
-1.096429580754559936e+02
-1.013740610526837855e+02
-3.286610663239532073e+02
-1.943558794623994856e+02
-9.660774876947878909e+01
1.244119644302646144e+01
-1.806322697570251421e+02
1.224246861851397306e+01
-7.776411427790556274e+01
1.224320991274830028e+01
-1.571015975824122393e+02
-1.891698412966362639e+02
-1.367349756512708723e+02
-2.799170965416823265e+02
-1.895352734542424855e+02
-1.451313773133144025e+02
-8.568596450877731741e+01
8.890995355162466751e+00
-3.519035092467319714e+00
-1.235439634555959003e+02
1.255596800758054243e+01
1.219451772545262713e+01
1.230013124605930841e+01
-7.901996973039607042e+01
-1.963164601606889335e+02
-2.386952530610431609e+02
-3.595660193543892547e+02
-1.395050014912725374e+02
-1.765731501285462457e+02
-9.763480278817297631e+01
1.253587673055037932e+01
6.563454706143007300e+00
-1.223175433189372399e+02
1.253155949328156993e+01
-1.555405055786461048e+02
-2.786118407469476779e+02
-4.350342962647952163e+02
-1.237405008562955260e+02
-1.681772880204260332e+02
-2.057549874046111142e+02
1.194406248227397072e+01
1.238564148639079221e+01
-2.957040707609747301e+02
-4.484753150298627702e+02
3.019661302082283783e+00
-1.714610319765284316e+02
-2.883085183665967861e+02
-5.941573521145279813e+01
-1.992202774040008535e+02
1.241474815069343229e+01
-2.882498125804122679e+01
-1.586454170692874754e+02
-1.533410819793290329e+02
8.269839664111355404e+00
-1.975520552853581364e+02
-2.080775152970794863e+02
1.217274010954595909e+01
1.253030123088012360e+01
-3.262104951878196744e+02
-4.321018318475294961e+01
-3.829910207893905181e+02
-8.451463342543480906e+01
-1.049202774172248098e+02
1.254363891119640328e+01
-2.835508935252302081e+02
-8.337890897057290829e+01
-9.619873985983744547e+01
-9.321145070859434156e+01
