-7.954061348835951151e+01
-3.020076957955460557e+02
-1.703657247323424144e+02
-1.309444054581374814e+02
-2.542706728305398087e+02
1.255378477444711294e+01
-2.871974238259783192e+02
-2.807115392243360361e+02
-1.221237993709915486e+02
1.236086017515236080e+01
-1.728538085480143138e+02
-2.076526411308906006e+02
1.191714835466752298e+01
-5.368013380649033479e+02
-2.258079733784056771e+02
-3.050331168208154509e+02
-2.667864876219153984e+02
-5.739868411708029043e+02
-1.882156538610542214e+02
-2.639084003674203700e+02
-1.460635844774448913e+02
-3.842229928446124632e+02
-1.563076314268471947e+02
-3.136300583865872227e+02
-7.939154284678421618e+02
-1.998167020508061853e+02
-2.809597982536927816e+02
-1.099578793139107660e+02
-2.817255931193658967e+02
1.234915529136650747e+01
-2.780870394526238556e+02
1.245863591033496576e+01
-3.090707913926570427e+01
-3.764907139432278171e+00
-1.746882737690615528e+00
-1.281091862852595114e+02
-1.897162761620853360e+02
-2.050555993258306842e+02
1.244076761111167606e+01
-1.197981167494702532e+02
-1.092062468815124134e+02
-1.697544254285098475e+02
-1.741423583503142254e+02
-5.800647878062994778e+02
1.231994146930701817e+01
1.246924705673878186e+01
-1.024739723420268689e+02
1.241739925989420890e+01
-1.455852898227148557e+02
-3.974265905861860659e+01
-2.550572425117461535e+02
-3.196375198426164275e+02
-1.871278554699548806e+02
1.252917053478438802e+01
-3.134945336437477863e+02
-2.337753895524940901e+02
-2.997987714999321440e+01
-1.624105146663999051e+02
-2.091108492815595241e+02
1.255176004780255994e+01
1.220838340656344378e+01
-2.148474103309199563e+02
-2.545018407860314653e+02
1.252453532067141495e+01
-1.962586014884768417e+02
-2.169501200283318099e+01
5.426166257801257942e+00
3.775122982277345329e+00
1.619244657055340042e+00
9.817838769674462895e+00
1.251133877145219842e+01
1.235396033541809224e+01
-1.340451305529894341e+02
-7.419704436797663050e+01
2.671339204623144781e+00
-1.423848404346035466e+02
1.200239083228800041e+01
1.233725200198265171e+01
1.195434653184132578e+01
-2.377832145733507616e+02
-2.577453757198468907e+02
-1.729210387636993573e+02
-1.675650290387943073e+02
1.048877217361713576e+00
-1.135105089005726029e+02
-1.697690678511669660e+01
-2.961042206224779534e+02
1.238967541260253213e+01
8.883621930718563320e+00
-2.515657289323735597e+02
-1.489979155217563118e+02
1.251361570408539592e+01
-2.147915508946159378e+02
-1.877320855146874123e+02
-2.891948373392497018e+01
1.233662002344634345e+01
1.239828527852064965e+01
1.108295553076127149e+01
1.203047113322274697e+01
-1.340708856463589598e+02
