-1.815568908900598331e+02
-7.683949298425841334e+01
-2.031391465680644330e+02
-3.554295337321039483e+02
-2.747559641007210303e+02
-1.936209432204890959e+02
-1.464361102024961099e+02
-2.136428872367187637e+02
-1.817794949848746171e+02
-2.509570751078383921e+02
-1.335447957916651376e+02
-1.529129362930053162e+02
-2.803878397036549472e+02
-2.278368433987498634e+02
1.244901633095190085e+01
-2.299747423358546143e+02
-2.464075835083460220e+02
9.681288124621744373e+00
1.249521032004312815e+01
1.252010134405059105e+01
1.235176250798197728e+01
-2.749472417342255426e+02
-1.549500418047121855e+02
-3.409436717891563262e+02
-1.094816783956119224e+02
1.256667830699442234e+01
-8.045650035803765832e+01
-3.176008370479812584e+02
-1.532270467782606431e+02
-1.093236842428646156e+02
-1.525150567689034062e+02
-2.509575695866394085e+02
-2.196380554096753883e+02
-9.812667530172876695e+01
-1.469438785344180189e+02
-4.099215961678891631e+02
-2.657075624867499641e+02
-2.982598652521257918e+02
-3.952752915971799439e+02
-9.204458466789589011e+01
-5.531596261768207512e+00
-1.494750984444442281e+02
1.250074681213645533e+01
-2.177800121597352643e+02
-1.691052132377223813e+02
1.212270091016577211e+01
-1.152604026212370911e+02
-1.328014248478333172e+02
1.237536565367693164e+01
1.187082193456894252e+01
1.256510339149469146e+01
-2.154650659434139754e+02
-1.282914915682930541e+02
-5.603289418763391438e+01
-1.361934523536151289e+02
-1.162345588191612080e+02
-3.799655273253425207e+02
-1.040375451808004641e+02
-1.583072945721816041e+02
1.235070356399633873e+01
-1.496197459800689842e+02
1.233795954904070946e+01
-1.165598318108046811e+02
9.846068857514289618e+00
-1.540523016087641963e+02
-1.671382629843405141e+02
-1.895771716152225395e+02
-1.730955130840822562e+02
-1.342848903391438000e+02
-1.383338046923616957e+02
-1.426372869160430525e+02
-1.391983094157501100e+01
-2.234460543554964147e+02
1.233456605232988323e+01
1.246149453867040968e+01
1.173018666803674925e+01
-1.130795144794936959e+02
1.080183454945480293e-01
1.231080843962137195e+01
-6.068208700447030424e+01
1.250115964290070814e+01
-9.443413422763757836e-01
-9.832869760240615165e+01
-2.634197979610436846e+02
-1.220225348176387712e+02
1.253255442884892901e+01
1.229104198163996564e+01
-7.199254674075814364e+01
1.226517502409919302e+01
1.255959388273581645e+01
-1.882070961508705125e+02
-1.180050074631500223e+02
-2.169677749215661038e+02
1.239291847787217193e+01
-1.466078387781924448e+02
-1.076490581331982810e+01
-2.202782336347939918e+02
-2.021911244659595184e+02
1.248135435888675993e+01
-7.490361262213916405e+01
