-3.014498311068059593e+02
-3.050240725684470817e+02
-2.777950982779258311e+02
-9.954053513173241186e+01
-2.176005547722299411e+02
-8.850332209939554673e+01
1.242901346346408431e+01
-5.280966880578487235e+02
-2.957926198483917233e+02
-1.277937802683858592e+02
-3.012681541406396377e+02
-7.424544280260575135e+01
-9.153669701416968962e+01
-2.643933485068562277e+02
-1.031996677565456224e+02
-4.212711524316725900e+02
-7.835976140164429182e+01
-2.060536124386717916e+02
-1.278880630983355644e+02
-2.742907844696194388e+02
-3.200498597562045120e+02
1.209141963252234930e+01
-1.063699878270949881e+02
-2.069545267112936529e+02
-1.054503743414925481e+02
-1.285676207140865586e+02
-2.419892990906639909e+02
-2.998741954908320508e+02
-2.430890795338037549e+02
1.256290710842250924e+01
1.236657401428887404e+01
-2.636677833081192261e+02
-2.333931773362773185e+02
-1.657241794033103588e+02
-7.896597830476989088e+01
-1.180379208959531923e+02
-2.013747054204430924e+02
-1.479111513710875272e+02
-7.600619634904120403e+00
-1.646228620144003401e+02
-9.032404118926091741e+00
-2.343843882208250307e+02
-1.384743544937890363e+02
8.190197413586677300e-01
1.238244510818868349e+01
-2.290528746672268596e+02
-4.353596402746312322e+00
-3.561961302444046851e+02
1.247719965716006563e+01
-2.259015404670251428e+02
-6.509582592741942619e+00
-1.047293653778478983e+02
-7.803333265623322745e+01
1.218357584637302793e+01
6.162519097725814632e+00
-1.865207997139124814e+02
-9.093682709427638144e+01
1.209451483819870354e+01
-2.732416109074120527e+02
1.229997239791982189e+01
-2.768375289937282560e+02
-2.030991502864168297e+01
-1.019715376852007438e+02
-3.319684361802234775e+02
-2.257599519423727372e+02
-1.168515101082432039e+02
-8.912711530225223555e+01
-2.934085227273018859e+01
-2.932699472728729120e+02
-9.273195970808112065e+01
-2.325772078431047873e+02
-3.355385805159719439e+02
1.257711535821722926e+01
-1.076895819145932620e+02
-5.591842433432701398e+01
6.595720966984581324e+00
-2.692987632126910285e+02
-1.697494280610245596e+02
1.807470948527123866e+00
-1.364834837278348232e+02
1.254122800248957148e+01
1.230066530835827976e+01
-1.136729611113977256e+02
1.246724657212313225e+01
-2.695882152772158520e+02
1.213359366607729228e+01
5.553176196707294565e+00
-3.924506525501616494e+01
-2.366651326623392606e+02
-2.017046980581390585e+02
-2.955815594003281888e+01
-7.758282415459392212e+01
-1.529746301423566024e+02
-6.408230474198717275e+01
1.121357198467751104e+01
-1.937277847248844012e+02
-9.744223730039958298e+01
6.364402831997344023e+00
1.244843021956407014e+01
-1.170927058228299700e+02
