-7.628149716110614520e+01
-1.269738357865285963e+02
9.389242876678686400e+00
-1.501173118805148761e+02
-9.830750468387392971e+01
-2.953141539002549507e+02
-1.475482609374802223e+02
-1.283807188966483466e+02
-7.927670317811065104e+01
-1.294857503506114824e+02
-1.532895467828925575e+02
1.257327610691598352e+01
-7.846698074624040942e+01
-8.520933588274890269e+01
-2.565257651211364873e+02
-8.573986085137707391e+01
-1.402798569324505422e+02
-1.320926073743023039e+02
-7.830345941598922366e+01
-9.535229685458507731e+01
-1.436958129850266062e+02
-3.863725151487378753e+02
-1.164043912460288368e+02
-1.976084174654554886e+02
-2.166373219980530394e+02
-2.256160965365253617e+02
-2.208862559073492662e+02
-5.088132704765413905e+01
-1.843212490521555225e+00
-2.292331790132370770e+02
-1.019535343459165517e+02
-7.564320794481302812e+01
-1.270359796671894799e+02
-1.614218243951468139e+02
1.247974433991141652e+01
-1.069403122343679797e+02
1.244742617209648827e+01
-1.910975451253434869e+02
-1.651851207081478776e+02
4.689522864345120112e+00
-1.975521393873392526e+02
-2.439610551476453537e+01
-2.231872840939943217e+02
1.168499794812293047e+01
-5.259513241770127934e+01
-9.440929114485726359e+01
-1.998243212693884630e+02
-1.284457747567166734e+02
-2.433338532658959252e+01
-1.264302093888683771e+02
2.831557836703389341e+00
-1.186135076217103901e+01
1.244528766987387769e+01
-1.187968548006401477e+02
-9.697071492541614646e+01
-8.376519353583972816e+01
-2.283031486802860854e+01
-7.482364641524272031e+01
-1.058429616180205812e+02
1.011505425755340681e+01
-1.388190568456267897e+02
-3.291518389690857305e-01
-8.828922254420731974e+01
9.378983123055881777e+00
1.242725327606631680e+01
-2.037292097770772443e+02
-9.751521944305297041e+01
-2.110261918257179445e+02
-2.494357752361672169e+02
-2.091085992650210983e+02
-1.138083857874061522e+02
1.231983652704215970e+01
1.255535327075152985e+01
1.249445047497373196e+01
1.183867217006577199e+01
-2.843601474777688054e+02
7.567474968782955891e+00
-2.244652253165391187e+02
1.250375672185628773e+01
1.234876382265955996e+01
1.238914046940745806e+01
-1.220747763729349060e+02
1.251607889313299360e+01
1.006112335693657300e+01
1.181974734853482722e+01
-1.789525310838693315e+02
-2.040117180428566712e-01
1.255380477789596050e+01
-2.268197776164277002e+01
-1.704864468252182235e+02
-1.513752285594229079e+02
-8.478254751419699176e+01
-1.470241364672521627e+02
-5.624317424684281974e-01
9.978895965198418594e+00
-2.571926050476910319e+01
1.238095653467482116e+01
1.241775199131034313e+01
-6.423588857860411849e+01
-1.144749110338665190e+02
