-3.243372173719606053e+02
-2.646592191324060650e+02
-9.307131361228040589e+01
-9.480202610401221364e+01
-2.848066970434197742e+02
-1.393488354881531848e+02
-3.486184840556202289e+02
-1.585748189578999074e+02
-2.957320908578982994e+02
1.209018840953915763e+01
-3.192573777485439450e+02
-1.562132797177629868e+02
-1.907637943626222352e+02
-9.636644063563616669e+01
-2.524944252696684543e+02
-3.593032747746725022e+02
1.233957289782192390e+01
-3.829646201211795074e+02
-3.523487756453594670e+02
-1.149643855312672542e+02
-1.299443160995508890e+02
-1.333877314917629917e+02
-1.108352178129467092e+02
1.223870619855929931e+01
1.229411283561030643e+01
1.252850426776453041e+01
-2.295360421812055449e+02
1.253641386304208183e+01
-4.019136906508286700e+01
-1.539161336349295652e+02
-6.674440778559765874e+01
-1.087863706284928469e+02
1.232336439731439626e+01
1.237862211817989788e+01
-9.138868797104127850e+01
-8.413211636214872158e+01
1.179110460677773986e+01
1.233331383469843345e+01
-1.053517214209152186e+01
1.214215984873160714e+01
1.102281880034952444e+01
-4.583693970122193662e+01
-9.941971092784303465e+00
5.678745567452695653e+00
-3.049204236104650789e+01
-7.176080245351074893e+01
1.084348336849913785e+01
1.229777159757727034e+01
1.166094852893474609e+01
9.026389044408617224e+00
1.246343841418579856e+01
9.607289478199774635e+00
1.052990868609830244e+01
1.256226865876242371e+01
1.068878490417178284e+01
-7.223569727950039976e+01
1.024474059232656131e+01
1.176051537942332459e+01
-5.411262405122268859e+00
1.232779062253749025e+01
1.248508321012851496e+01
6.829668050964762926e+00
9.312808758457988390e+00
-1.272958982168502473e+02
5.857101968613056542e+00
-1.124591919632247183e+01
8.339046978869436799e+00
1.231381262202982008e+01
1.043593739065103065e+01
-5.985778446400343000e+01
1.089520261752576680e+01
9.245769313605089579e+00
1.022334035632107785e+01
1.233353969766110581e+01
1.234295964216577701e+01
1.169157683740706588e+01
1.157100976543815207e+01
1.146990956040622400e+01
1.212060156188312732e+01
1.121367562710923771e+01
1.252566912713709435e+01
1.252367401805025438e+01
1.120620349665770021e+01
