-1.983462348543262976e+02
-1.409120465535056894e+02
-1.008154697748787498e+02
-1.750354579895493146e+02
-1.538096065488062152e+02
-1.076436391470844853e+02
-2.025305310394599303e+02
-1.605100821246395526e+02
-2.946420318874569375e+02
-3.658758954915718391e+02
-7.079498398674070359e+01
-2.051711259659247446e+02
1.251500643398749624e+01
-7.605172117120521591e+01
-1.361034411122349468e+02
-8.461321728475867587e+01
-7.850839040133843127e+01
-4.757862706521485308e+01
-3.341569989197645896e+01
-4.892957501096219630e+01
-2.757344209045693972e+01
-3.018305496789497511e+01
1.155883949810063527e+01
-2.590995019227598561e+01
-1.005371925068264005e+01
1.239842666246808989e+01
9.101108164755494556e+00
4.383707496334771747e+00
9.091426839475197141e+00
-2.366438535866869870e+02
1.181301714544890835e+01
-5.369296789539564685e+00
1.178153372701802226e+01
-2.320746780538867071e+01
9.689449167478700886e+00
9.928256686734615144e+00
1.253550373286429931e+01
1.216822650635859659e+01
1.072313868076088994e+01
1.044157338927308132e+01
1.003200815925420741e+01
8.943236663464389835e+00
-5.272856641934833277e+00
9.329613568468820617e+00
1.201545956728221753e+01
6.461710382181884427e-02
1.147018760211113353e+01
-1.388527657370987072e+02
1.615533942410904089e+00
1.196232240072745512e+01
9.963057194978830466e+00
6.127380458273329111e+00
9.081911771230929631e+00
2.932578864981538302e+00
1.223115237820953105e+01
1.189722117235065291e+01
1.141407130307897688e+01
1.257071340954388283e+01
9.308238738251155553e+00
-2.767668993186784832e-01
1.109714858446535501e+01
9.866371096659893425e+00
8.914235406775265602e+00
1.224765015677419555e+01
-1.643189652681496398e+02
1.112866113317978822e+01
6.422766050223540191e+00
1.234761643532666398e+01
1.004274916686965469e+01
7.934562024529777879e+00
1.222173346899183244e+01
1.197168177148546597e+01
1.120403715581391069e+01
9.660191780180845456e+00
1.250027259826010706e+01
1.237142971807942793e+01
1.134113697415025790e+01
1.045997941563533473e+01
1.174960785749697578e+01
9.085655760085101562e+00
1.213641449405698403e+01
1.201079208998799608e+01
1.144632634727001808e+01
1.228292028758626842e+01
-1.213181873300376346e+01
1.206388794643214979e+01
1.218807735285563787e+01
1.138079892559519024e+01
1.245131714123691680e+01
1.237701834695386083e+01
1.174423041319479921e+01
1.021538934962148382e+01
-2.315533029871374993e-01
1.240644386179313940e+01
1.250877383159866518e+01
1.169428347081047370e+01
1.221704336125485391e+01
8.380906938090518565e+00
1.012651178183707401e+01
1.255662114450087330e+01
8.092503976886504802e+00
1.251897207573643023e+01
1.241107403691411903e+01
1.251458971888444083e+01
1.256203982036137745e+01
1.074887272675605843e+01
1.215527269228546992e+01
6.746597982415051931e+00
1.238529252335114350e+01
1.000403714355510587e+01
1.256514319052671169e+01
1.253471064577626848e+01
8.648968634918460907e+00
1.109639591597413322e+01
9.418144415524913882e+00
1.251879307080348802e+01
1.222161027728996530e+01
1.229467533801696177e+01
1.142420830887117411e+01
1.108945247459883987e+01
