-3.208679139946210626e+02
-1.343200320193783739e+02
-3.109176438177376554e+02
-2.218253870818703888e+02
-7.334535180940856947e+01
-1.948654266874341374e+02
-1.273135576067772945e+02
-3.705764859114671026e+02
-1.194041458974783012e+02
-1.174111213748201976e+02
-1.679974704278922104e+02
-2.501376586566005642e+02
-8.097999834656953055e+01
-9.625345136282165015e+01
1.232014141752982006e+01
-1.171191254573750342e+02
-9.347459855040725074e+01
-2.252542293133402609e+02
-2.822926609851260196e+02
-8.642284630939568046e+01
-1.043831593896092045e+02
1.179180478223947404e+01
1.167038345644306929e+01
1.204014876192328742e+01
-7.702112442790568991e+01
-9.350089558422500602e+01
1.191857695701051867e+01
1.251797143928567735e+01
9.159238111551943007e+00
-1.097664296027848394e+02
-4.982051014782812359e+01
6.015757724905743231e+00
9.048794789022444718e+00
-8.432090267194969613e+01
3.031692034256050050e+00
-4.082246860089089324e+00
-3.413914770805018151e+00
-5.931185818693442968e+00
-3.365998251241398265e+01
1.040071137617293040e+01
1.248995940045067954e+01
1.254367719046598495e+01
9.855927848613095676e+00
1.231441894208554899e+01
-1.909653193263234172e+01
-8.866345668237265443e-01
1.186180333708861490e+01
1.240434588633836377e+01
1.179682988844606939e+01
1.232764731287369386e+01
1.166464527449134891e+01
1.204803930568661308e+01
1.232241469459598093e+01
1.013693056233836032e+01
6.967684224993821118e+00
1.017580427948441901e+01
1.254531342561682195e+01
1.191352595704904616e+01
1.232951652813436105e+01
1.253984449930944933e+01
1.187447213479138064e+01
8.022634089153180881e+00
1.838077187649592048e+00
6.096993152400383309e+00
1.186862977410856779e+01
7.798913210133205709e+00
1.216197324684518755e+01
1.152223180119457169e+01
8.590942088656333908e+00
9.174208548406134867e+00
1.251105209266418683e+01
1.006646735235462309e+01
1.087279752231610175e+01
1.085971330734113849e+01
4.054247021059307343e+00
5.767849998229802821e+00
2.736196023968050284e+00
1.225010201612438721e+01
1.245982210103429999e+01
5.946200215700738312e+00
2.502345620077655042e+00
-2.672977676157346139e+01
8.993630415231841368e+00
1.251959849592465979e+01
4.249750270399990981e+00
3.285186188598755663e+00
1.249587668470019608e+01
3.660950577789970239e+00
1.060379333832293369e+01
1.256295812436647097e+01
-2.951585077547278502e+00
1.108835785927565887e+01
1.252857146862321613e+01
8.357337240509199461e+00
8.195731152552685472e+00
8.401821865611967866e+00
-2.078403842294443749e+01
-9.735843569729594549e+01
1.107417128624174119e+01
1.227852308007686588e+01
