-1.714741060432258735e+02
1.184865939719072259e+01
-2.320739759284494710e+02
-1.096622226143041985e+02
-1.250208919587309566e+02
-3.853214811161489024e+02
-1.801600951225542246e+02
-2.128025809248296980e+02
1.038871841539266327e+01
-3.967931266056136792e+02
-2.121876508306364144e+02
-2.067487172642190387e+02
-1.995709386042452991e+02
-2.071808473279428142e+02
-2.028512193945672095e+02
-3.319158357732426623e+00
-2.342544254017701917e+02
-3.018000902806294334e+02
-1.509553455034790659e+02
-2.745677553457354065e+02
1.256221897407215238e+01
-2.791165034742294324e+02
-9.203979432223688661e+01
1.237806187109288558e+01
-1.343635908304886755e+02
1.246046625256841978e+01
-1.211771640839984201e+02
-1.812919794140557030e+02
1.235702162057195075e+01
3.275132395639158034e+00
-4.099748657042335935e+02
-1.852312398851890123e+02
-1.047604572271522301e+02
1.223374171944678679e+01
-1.900633097818891315e+01
9.446491162077490955e+00
5.137291903861836317e+00
9.255614008997490316e+00
1.203002869136354391e+01
1.252352740435051537e+01
1.234343709947002132e+01
8.980087302641745595e+00
1.218086498739661927e+01
9.177800120573387233e+00
7.594550145023428733e+00
9.590771271694315203e+00
2.141358210386309580e+00
1.233285700574090527e+01
1.101714931575889445e+01
1.257772476954931307e+01
1.098191196553160154e+01
8.985190701970182658e+00
1.045022808297223804e+01
1.121471712561139711e+01
1.058933852846815604e+01
8.581298817421796343e+00
1.165939313308144953e+01
1.237472835416845740e+01
8.429441863111968303e+00
-2.490557312421237768e+01
4.132512269478112898e+00
-1.386765212264208635e+01
6.729171529335062019e+00
1.140219155166831477e+01
7.505741676229297887e+00
1.212381687761912730e+01
7.274961366593546863e+00
9.379589344997366851e+00
1.113190769417281167e+01
1.226955535913792517e+01
8.564002402045577611e+00
1.244363043846748162e+01
1.037923632103874994e+01
1.166300828892360286e+01
1.208245506144364612e+01
1.128232525298173172e+01
-2.263616368287008740e+01
1.193128842091964792e+01
1.080717539593782206e+01
1.224756131088068756e+01
1.189595121096912145e+01
4.340882367981796719e+00
1.256326239647748011e+01
1.123421445387298157e+01
8.921750082791760406e+00
1.008731549405048966e+01
9.449617702064191604e+00
1.216682452205185072e+01
9.590553147050041360e+00
1.137180507834954213e+01
1.250033451210381585e+01
-2.099452309798912353e+01
1.100463960616179193e+01
1.142858890766368063e+01
1.250747007852532988e+01
7.356066847309895351e+00
1.086623625461870191e+01
1.196657103382859688e+01
1.035021348461727975e+01
8.454021979263229625e+00
-1.682389221071407093e+01
1.242625790811209896e+01
1.173828262151323898e+01
6.727082140106762864e+00
1.192136811454014023e+01
1.219694062440485993e+01
1.231952944912902126e+01
1.170692940187130304e+01
8.785358277265807203e+00
1.213527982607845068e+01
1.233241730370870037e+01
6.644961106497357051e+00
8.461084791126765481e+00
1.096231721697691697e+01
1.103532092459439973e+01
1.160948658952549906e+01
1.021099832859009027e+01
7.417550006476045787e+00
1.223529245017995848e+01
1.021098577614930747e+01
