-2.308598242439025512e+02
-1.952254563588984979e+02
-3.734464036682058463e+02
-9.991452857181975844e+01
-1.369204330604524387e+02
-3.871172055921235255e+02
-1.010702160926574749e+02
-1.479688019552072262e+02
-1.020474079786000345e+02
-1.252110489433451761e+02
1.198438081301979707e+01
1.230451277705649638e+01
1.234337047830570100e+01
1.258166232806972751e+01
-1.785205527709466367e+01
1.956445759919111183e+00
-7.409789366188906712e+00
3.432992559748804240e-02
-2.970619279745096719e+01
4.266222292521787196e+00
1.241034996655076306e+01
1.046697267215734684e+01
-2.797870495118878011e+02
9.397371035525232230e+00
1.199875365432548691e+01
4.188038386489450815e+00
1.140808840652783296e+01
9.947207822407914790e+00
1.110629204816736504e+01
1.098990769359477326e+01
-1.575699216503567470e+02
1.221334028646978354e+01
-7.483759778111398475e-01
9.730446157087008885e+00
1.354153747058813195e+00
1.250684441661049107e+01
1.249662587681308779e+01
1.147389836699627708e+01
1.247294273214495952e+01
1.254741798222493543e+01
1.194819081744337197e+01
1.232001740968863857e+01
1.100274035527927552e+01
-3.688287971186138066e+02
1.162072525241109133e+01
1.240385610480941558e+01
1.006784517600436857e+01
1.178055411618640136e+01
7.851016584896386874e+00
1.245989070142374722e+01
1.194382029213151242e+01
1.231828543056838399e+01
1.241652480251899071e+01
1.254660278368666049e+01
1.228991208711617311e+01
1.126321813943524930e+01
1.219865551769544609e+01
1.067678784140673187e+01
1.119638682757090642e+01
1.223089334297660535e+01
1.224660081089846919e+01
1.042349991555178690e+01
9.783462649585874971e+00
1.241437737081774806e+01
1.175653206660010497e+01
1.040904256753002066e+01
1.251344207966041822e+01
8.699091765227631612e+00
-9.693440233627939051e+01
3.044425746245854825e+00
1.240276981697275360e+01
1.138884317148529846e+01
1.253128312767969277e+01
1.047905326377047430e+01
-1.945257040917426750e+01
1.245193450848744021e+01
6.037142010473619536e+00
2.171583002351853864e+00
1.256015420822490469e+01
1.060988673653461589e+01
9.240437742425536172e+00
4.593218799024951338e+00
2.102062112061755528e+00
3.360087497333239526e+00
1.144544969189103689e+01
1.254619640107627809e+01
1.159959317809373758e+01
1.022190246843782013e+01
9.932318086436222160e+00
1.099089548356127466e+01
1.207640569464661873e+01
1.087879654686884123e+01
1.234007533756124708e+01
1.249695406246403095e+01
7.003523433906723383e+00
1.249313569674122348e+01
1.146062527188554547e+01
1.186367721170956457e+01
1.214835200937558390e+01
9.235933567913367170e+00
8.009405226830207170e+00
3.686493240949246797e-01
-1.399214825205326562e+01
1.552190198152395340e+00
1.156639975494264050e+01
8.148368572594772985e+00
1.234543834886488689e+01
1.181049885690436341e+01
1.045338560762773383e+01
8.574408943928947480e+00
1.056281008535003529e+01
3.154547188315895312e+00
1.252121363595205139e+01
1.041506987301647058e+01
1.052637527349883051e+01
7.181879328867399437e+00
1.221603240273883628e+01
8.582676717494532426e+00
1.224989133511160944e+01
1.258012457899376457e+01
