-3.144205446588908899e+02
-3.925809547125448944e+02
-1.097844857467427744e+02
-8.861512353487799487e+01
-9.763437306250430936e+01
-2.752727010196929882e+02
-8.426552305848524327e+01
-2.097733561989274449e+02
1.252322404407707346e+01
1.249131317946413589e+01
-3.266196049371812933e+02
-1.517098487464599259e+02
-3.919826312958319932e+02
-5.060114813355070851e+02
-2.139127435720593269e+02
-2.612918676215144274e+02
-1.970476104671609789e+02
-1.673305862959218473e+02
-2.683907478442147294e+02
-6.952837997806986436e+01
-1.811860594839657495e+02
-1.659876157356020485e+02
-4.184818851142941298e+01
-1.350177422789663240e+00
-6.041475714605574865e+00
-2.851493528665844934e+00
7.598473354874897723e+00
6.935976672404990495e+00
9.507388763647092844e+00
6.317321202698227722e+00
5.519061771554465423e+00
8.659275285815041912e+00
1.205068875108458748e+01
8.245946310219260056e+00
9.851553622404946253e+00
-5.014524607208418416e+00
9.809712406071012580e+00
8.212120987626015278e+00
1.233703383297083889e+01
7.190371993919253413e+00
6.655315403179816514e+00
1.251870651999216300e+01
8.149186284550649972e+00
1.156991264260847707e+01
5.513384469943090949e+00
8.674526316271016668e+00
1.151445794808475576e+01
1.249312650617307341e+01
1.127737655337865696e+01
1.170069604877317992e+01
1.244585866232897864e+01
7.564735176336010447e+00
9.993160947828346963e+00
1.093043469422659442e+01
1.247026545877542603e+01
1.218668336895960813e+01
1.016935413950079337e+01
1.253264115041701920e+01
6.341538174028759300e+00
1.255945817280600174e+01
1.238894191909555076e+01
1.246251011272874898e+01
1.240702113807251017e+01
1.136535873649080841e+01
1.156725545166799307e+01
1.254509796135990563e+01
1.060344891794102296e+01
1.145368879429325304e+01
9.370230736117296289e+00
8.170659644206603289e+00
1.192826361017618453e+01
1.175762853485645820e+01
1.215590707772723889e+01
6.232372045761442436e+00
9.573525950409159435e+00
9.838526948572310360e+00
1.249547267917361459e+01
1.250410974588153934e+01
1.255295038891229353e+01
3.198658066901725050e-01
1.255713580229748594e+01
7.189368555075581035e+00
7.102352388780567516e+00
1.221534604917100708e+01
1.255164491450246800e+01
7.173104836011441776e+00
1.592766481857998073e+00
1.251001870491835533e+01
1.217906322344100367e+01
1.213044727454212079e+01
1.119112015899952084e+01
1.024061858317509888e+01
1.118512428403475312e+01
1.256442473568480800e+01
1.065607897602481913e+01
1.255107629148076853e+01
1.241552350117662762e+01
8.203128806811175622e+00
1.217944367375888071e+01
-1.771862984332895508e+01
1.251072391087225633e+01
1.232541485602874509e+01
1.236212516411107210e+01
9.660901205834488081e+00
8.043464479227864672e+00
1.128433515750227478e+01
1.257834783735022910e+01
