-2.170039086303338536e+02
-1.341539841888650813e+02
-1.337577502740584805e+02
-1.394074557532281915e+02
-1.411892587582048861e+02
-7.243416343551571401e+01
-5.216575729071743126e+02
1.247873457637498618e+01
-2.418224645528424332e+02
-9.338180888089841858e+01
-1.866988076707447988e+02
-2.166190721684387768e+02
-1.964949349616717882e+02
-1.083832531186652517e+02
-4.135865035980058337e+02
-3.724359912259837984e+02
-1.610121705559687086e+02
1.233921190000422818e+01
-3.252194745840631640e+02
-2.385520750564953687e+02
-9.603880039610849906e+01
-1.116204256486323061e+02
-3.200961726675029695e+02
1.234636106961781721e+01
-1.861642934878334756e+02
-2.095854341598319479e+02
-2.366205950080450009e+02
-2.600052513315763463e+02
-7.349649165680887108e+01
-2.933463102667715816e+01
-1.872602862806337782e+02
-1.853172446378414975e+02
-2.324865669775463743e+02
-3.637783257650263522e+02
-2.129956828169724758e+02
-8.172995128805585807e+01
-2.673843644151888839e+02
-1.211634492794657376e+02
1.224332039680020756e+01
-3.242697651525784295e+02
1.252382956792413715e+01
1.235337867745361962e+01
-1.782608790685340239e+02
1.051978629947156207e+01
-2.196553808904101857e+02
4.709777459845646774e+00
-1.736914110473360040e+01
-1.403276293446517187e+01
5.729908836798168537e+00
-1.427663006417209601e+02
-1.376636764563314443e+02
-2.188214107465180689e+02
-4.174987064080269761e+01
-1.434557649015607694e+02
1.213257203577725640e+01
-1.040656230084617988e+02
-2.757888168080703508e+02
-2.247552137786844071e+02
-9.479480567144574366e+01
5.913374082853090741e+00
1.150343669513825517e+01
9.914129840180915920e+00
1.207513409984306207e+01
6.033157667332259777e+00
-1.759160132016528735e+02
1.253738353143956452e+01
1.183458646800916014e+01
1.052524550649268065e+01
1.145873355994151765e+01
9.291287668687784773e+00
3.739843925281428838e+00
8.884531284383132999e+00
-3.209547048308657224e+00
1.096744658705125275e+01
1.163419222051856927e+01
-7.978167119671562091e+01
1.036860613631286832e+01
1.196675383921321156e+01
1.244477530137328358e+01
-6.666604097737830159e+01
1.159144123818718697e+01
5.540673146316494879e+00
1.235749440117490217e+01
1.256140891561196504e+01
7.703061679224230573e+00
4.639343582635008900e+00
6.553835189031705255e+00
1.191636792216726093e+01
1.064137113144328950e+01
1.015947473049050487e+01
1.221648481340778503e+01
8.684599785619834478e+00
-7.718915369065494758e+01
1.161156117318383707e+01
1.237865702500225673e+01
7.889941765492357817e+00
1.256219726913705159e+01
1.201577769705931686e+01
2.498999361591796031e+00
1.238636802405173043e+01
1.190593853245723110e+01
1.198684337294298885e+01
2.095843453856343075e+00
8.764592036916226903e+00
-1.028676099701664270e+01
9.803473070488657015e+00
1.226495840399621073e+01
9.808256283181037816e+00
9.669233699666172299e+00
1.021791149737827453e+01
1.148516879570152582e+01
1.252095703588535969e+01
1.106423645377066300e+01
-8.547049609252461266e+01
6.352358360256198822e+00
-6.231212877225885904e+00
1.223427205404815510e+01
-5.279741759445805371e+00
6.828449252783615364e+00
1.243291077050242421e+01
