-1.961094801884751462e+02
-1.148111961932260670e+02
-1.847798657253050294e+02
-8.575409397799498379e+01
-2.424292935265805227e+02
-2.962552833045791658e+02
-9.229207570488628676e+01
-2.628295944258422310e+02
-9.387634997129741521e+01
-1.092505671037016555e+02
-1.280724981904232322e+02
-1.418823904666831766e+02
-2.298199797180427595e+02
-2.903065362073094775e+02
-3.614812851875923911e+02
-2.499844062039463779e+02
-8.104701491916975442e+01
-1.401752036933579859e+02
-2.099141021049103415e+02
-1.501152314699503165e+02
1.245189882847830631e+01
-3.006428513312001769e+02
-1.045671192993897023e+02
-4.029516591816222615e+01
-4.494104076625536237e+01
-3.560605095298942757e+00
1.239003881068214064e+01
-4.567187412473234787e-01
-4.341557899224736161e+01
-1.015400069225287467e+02
1.242038075678302533e+01
1.009686185616349441e+01
1.194302656009563357e+01
1.199686034987900918e+01
-7.312265312227118841e+01
-6.790582986561790335e+01
1.078414946731451352e+01
1.123582503046298875e+01
9.152572523168013063e+00
1.163083553938191272e+01
9.462433673190714600e+00
1.242376544348029554e+01
7.896968634822326472e+00
7.260052626207271764e+00
5.738729264135711716e+00
9.503916077910055549e+00
1.254757389324974781e+01
1.228549417894794971e+01
1.213604795122572355e+01
1.051268590445138429e+01
1.085771139558282883e+01
1.238605927347467350e+01
3.914201721830638192e+00
1.119358607575450115e+01
1.204315930972279780e+01
1.211146072846153920e+01
1.224933504262607720e+01
1.141999229507618985e+01
-9.870579368300015233e+01
9.103637740515043930e+00
-2.993811837345313620e+01
1.202202757831949853e+01
1.195633951341239865e+01
9.888351123948019961e+00
1.246954793059872557e+01
1.233372447180234133e+01
9.217448685282789711e+00
1.237552985219865676e+01
1.024789379247024534e+01
1.258007339475273412e+01
1.216268015908283395e+01
1.139285148203814302e+01
-1.922879050996112937e+02
1.212487112407484346e+01
1.245772508457344330e+01
1.099143796048760180e+01
1.239533968822479970e+01
1.061302375949591159e+01
1.206322435224726597e+01
8.049980807999018495e+00
1.123997513355015698e+01
1.236512405563122208e+01
1.252356255607428359e+01
1.238576386800515117e+01
7.092280483884424669e+00
6.637917387965977412e+00
1.115894580532724589e+01
6.664987152753498734e+00
1.247065412906908044e+01
1.240812277864600510e+01
1.038277576632503241e+01
1.214719627118033074e+01
1.109731409354834675e+01
1.016400868202473617e+01
1.094869456228073901e+01
1.185304406880422690e+01
1.232128417363481532e+01
1.246729531104479172e+01
1.256575662732993237e+01
1.206203573154101960e+01
7.335934190954420231e+00
1.240724909768701067e+01
1.248226031223204835e+01
-7.617891955277390537e+01
1.225511683069907320e+01
1.171143116063583811e+01
1.249590382999889648e+01
1.047417806695387732e+01
8.030269562362107649e+00
1.196848477018738954e+01
1.256637122469765266e+01
1.248424833576295612e+01
9.803101080605346240e+00
7.197225647775901791e+00
1.124340998137501657e+01
1.251125591945380044e+01
1.221161904550896971e+01
1.122700770318329333e+01
-6.553535298721239144e+01
1.249972709472122645e+01
