-1.414047401293001656e+02
-2.333297448947411681e+02
-1.333940119552338217e+02
-1.146055640959278321e+02
-1.624587437868862025e+02
-2.042397407315935141e+02
-1.643591545917950612e+02
-1.160960581270105507e+02
-1.104143678675166740e+02
-1.008021470999190257e+02
-2.410020780371692979e+02
-1.884800104636839819e+02
1.249869843569040739e+01
-1.076551266431668239e+02
3.127009331999300201e+00
1.245926587506734151e+01
1.257821046437939039e+01
-4.475564933515465071e+01
-1.141677959160754057e+02
-1.628080837898707784e+02
-5.018201494270015672e+01
1.192720952517817423e+01
-2.963956521889528517e+00
-3.288226466589927810e+01
1.089176891389091750e+01
1.095387456652794711e+01
1.152979401132963133e+01
-2.677535340489921012e+01
1.249555021399439170e+01
5.444762193797982874e+00
1.213215703787752453e+01
1.235521475431046312e+01
1.139875277843433032e+01
1.253871935308026409e+01
1.222269631600568474e+01
1.245220588081707547e+01
1.246515202319724835e+01
1.189503271203280299e+01
5.456294402284724399e+00
1.235866800335793592e+01
9.153784621697024448e+00
1.043425976897404439e+01
1.167259846513786137e+01
1.216551172677016268e+01
1.209527013672317608e+01
1.226406375525998804e+01
1.173757252503830451e+01
1.084174679360555515e+01
1.253370160444932324e+01
1.184956967420657037e+01
1.170282201877022210e+01
1.251123449267682020e+01
1.247727858018061475e+01
8.372807098012515326e+00
9.944724003089811859e+00
5.494194773074317695e+00
9.106906744225380379e+00
7.126153462790521864e+00
-1.178881192974875063e+02
3.340195094357278904e+00
1.148550590584154207e+01
1.206535993560289732e+01
1.233053082068307305e+01
6.308856283565313916e+00
1.241232478728191779e+01
1.237360651452374860e+01
1.253053476653606069e+01
1.163819893482235024e+01
1.254228539188230940e+01
-1.837665977894630132e+01
1.076459436138427250e+01
7.792442030410533960e+00
9.655861911663629726e+00
1.211899702145965563e+01
1.114485278862917994e+01
1.192801767896468768e+01
3.590053803190857096e+00
1.221561371995914769e+01
7.609956330588299345e+00
-2.179751980529982234e+02
1.252829615651636708e+01
1.249773690265405612e+01
1.219967097823207780e+01
1.187482434105798390e+01
1.244277312641901645e+01
7.543282232206911075e+00
9.969319759894730737e+00
1.241715929052359968e+01
1.251237827368480282e+01
-1.434549351197575895e+01
3.313659422000593935e+00
8.178321612108709004e+00
8.061836617919997394e+00
1.247272418178575393e+01
1.257225169308437884e+01
1.243294430072051782e+01
7.524027575115767696e+00
3.725988652844005600e+00
-4.849427418928365796e+01
1.243548222485405930e+01
7.019247966557911944e+00
1.212742386208384104e+01
1.214625113462473927e+01
-1.563046891684656714e+00
9.020843777011581466e+00
1.222482196765762197e+01
1.200552726286051808e+01
5.916731959495697524e+00
1.257728708601876377e+01
1.109422434722005768e+01
1.247391991738065009e+01
1.242210260982319525e+01
1.125513565420338224e+01
1.098789966274426533e+01
1.243756873854043477e+01
1.247110208617391081e+01
1.246747467513136876e+01
2.135011812229288708e+00
1.174290082750422215e+01
8.722544493063121962e+00
