1.075590291363795714e+01
-1.003609153583924325e+02
-3.494025629203542280e+02
-3.934232019758076149e+02
-7.486236502087233191e+01
1.021311740308987481e+01
-1.491256296080885591e+02
-1.129537402836293012e+02
-1.826816501563183124e+02
-2.637557304874915189e+02
-3.621255401773772746e+02
-1.623926660756827971e+02
-4.023648267684218922e+02
-2.465266997181757915e+02
-1.298171607358731023e+02
-3.358726032901009830e+02
-2.711013201704255380e+02
-1.689965006067973263e+02
-1.206258587969711016e+02
-3.744028694239189576e+02
-3.372151892125863242e+02
-3.909181793586483877e+02
-1.264699106916394271e+02
-2.418091384997315174e+02
-2.716627677276640611e+02
-3.283649858054982360e+02
-8.837294643157257212e+01
-1.069891664076075131e+02
-2.205964121378224831e+02
-1.886906234788277743e+02
-9.648339657396256541e+01
-1.952552153491909337e+02
1.254805595910125149e+01
-2.846434078983907625e+02
-1.662301868171704768e+02
-1.843163045003169316e+02
1.251035622742744025e+01
1.244542803822486299e+01
1.230801715843920618e+01
-4.802053642962165725e+01
-1.167202309330581329e+02
-1.577173032022131167e+02
-9.376995727153210680e+01
1.255863362896637447e+01
-5.384773485372033264e+00
1.082775934625143321e+00
4.826521674772852322e-01
1.721283655594044504e+00
6.239381352118044788e+00
1.694740836889508273e+00
6.912292312737376321e+00
9.497809692282567440e+00
5.286163991620405511e+00
1.255937547183452452e+01
1.860174276977291541e+00
1.255265009091823458e+01
1.005803114764579220e+01
8.216275322149940052e+00
1.097615364338388311e+01
1.123991984653844689e+01
5.232166049714507494e+00
1.252443858516246067e+01
-7.944750259178368879e+01
9.774239556896654690e+00
8.562050268049183899e+00
1.134185962304934137e+01
1.243046736022423637e+01
1.250895262308791445e+01
-8.954634429123147754e+01
1.095648809594374740e+01
1.095135285128537816e+01
1.250307753374848474e+01
1.190466853400829805e+01
1.178481425459466081e+01
7.760180655688556861e+00
-5.912407865625645798e+00
1.252396606165464377e+01
-2.513650829776959768e+02
1.249907568953403114e+01
-9.352082770431366043e+01
1.233447172152171234e+01
1.176579626891970776e+01
1.196468511933993462e+01
2.465849778701379336e+00
1.231073221131462603e+01
9.708630684598910321e+00
1.167418497993731030e+01
-2.046027121777233901e+02
1.201437248685885706e+01
1.224802740993937888e+01
1.199626236253669376e+01
1.213098112310649057e+01
1.206959345902679459e+01
1.180525830870209525e+01
1.184179757257795274e+01
1.256947825294763454e+01
1.235018596590908047e+01
1.239395822491127142e+01
1.189955490857757958e+01
1.244502090653041826e+01
1.142351111611904990e+01
-1.420079390080826727e+02
1.246294607926047959e+01
1.015212827631322057e+01
1.117404278968107789e+01
8.318440368634179904e+00
1.059341923423622589e+01
1.234895487333455577e+01
1.249841038512069780e+01
1.248776866043834133e+01
1.137398736611740091e+01
1.211597087758052815e+01
1.219470574479786862e+01
1.248287858887641377e+01
-1.080522483362490149e+01
1.171960572617648566e+01
1.197620291320418495e+01
1.191938862309787517e+01
-1.352808931575865472e+02
1.175360328945192734e+01
