-2.548915396733625869e+02
-9.488614328041376211e+01
-3.808979230499325013e+02
-3.156479859898379345e+02
1.194204967065594580e+01
-1.377133033855857605e+02
-1.582783075530633141e+02
-1.709009106488277041e+02
1.251166426905610507e+01
-3.041799373185697846e+02
-1.262001700164925069e+02
-2.366109723325475613e+02
-2.479993844059994785e+02
-1.389343315679691102e+02
-2.394531915294107591e+02
-7.430456065348937500e+01
-1.326464223972555487e+02
-8.597043863119854734e+01
-1.054021673778941874e+02
-8.598596412409604284e+01
-5.061011300067576713e+02
1.254626412439816363e+01
-2.168581414709614421e+02
-2.702177170916559703e+02
-9.166821482994056680e+01
-8.254123158522673975e+01
-3.861051287582840814e+02
-2.140095229345581913e+02
-2.459839481690400760e+02
-2.871751536800038451e+01
-1.783202524848088615e+02
-1.097094667429411459e+02
-1.136837940391225032e+02
-2.045358295812326617e+02
-4.624196686261660716e+02
1.231944823878503747e+01
-1.104364060245621104e+01
-6.300308115713559687e+01
1.237544215088922073e+01
4.358639774465194350e+00
-7.098657273157265024e+00
9.070809047412968340e+00
-3.970210401259181054e+01
-1.853945126424056298e+02
-2.908296542702005638e+01
-6.635226988488430067e+00
1.402008805407165326e+00
-1.930430815400008981e+01
-1.109126368500219684e+02
-7.113341877268408098e+01
1.181372074789018001e+01
8.579595807189139833e+00
4.070393472365200438e+00
1.786234350738688192e+00
9.897559183105354208e+00
1.198728499801626413e+01
7.850041444508600641e+00
1.245076731589433017e+01
7.993150093089137265e+00
1.218815850468580209e+01
1.229421205277133211e+01
1.194432305152423801e+01
1.251298510907938066e+01
1.041688800724810804e+01
1.228906606576561522e+01
1.031826227043615951e+01
4.080194412966688944e+00
1.243592610166886203e+01
-2.746654880669546372e+01
1.098531635054220956e+01
1.238446299634535208e+01
1.249510650103663423e+01
1.231136166287407363e+01
1.070192890947056341e+01
-7.840695643916215829e+01
1.246360287466826833e+01
1.249811173291320898e+01
1.172191828005636260e+01
1.018105878579155643e+01
1.104723250065508111e+01
1.235595761255490466e+01
1.110249716800994513e+01
1.187431975159367781e+01
1.202969384358951288e+01
1.042203641843000028e+01
1.049057832376527699e+01
-7.548541023703592145e-02
1.173088619585095493e+01
1.116059188169182015e+01
1.169081669490243769e+01
1.243096178368625715e+01
1.042347772281848961e+01
1.250916103921441369e+01
6.898702621638769017e+00
1.235470735070401638e+01
1.135935432164850312e+01
1.240421920236818387e+01
8.447899405135412820e+00
1.103295691072116469e+01
1.118121767010936196e+01
1.242300696076241984e+01
6.858004891098660849e+00
1.255751363635812723e+01
8.327049775636023554e+00
1.253730948723503502e+01
1.230052093853212725e+01
1.103356790571770141e+01
8.835408291361403599e+00
1.049049113833346603e+01
1.110285940619586320e+01
1.201852230765544505e+01
1.243363388274999615e+01
1.228298532206525984e+01
1.036369771454158695e+01
1.044707174631152924e+01
4.827476247107277629e+00
1.226324299981853727e+01
3.166097259639897743e+00
2.375967584092739671e+00
1.231178442298064546e+01
