-1.296212254744772565e+02
-1.426114314088236483e+02
-1.121601886200616889e+02
1.203469317984538733e+01
-2.889561307458064476e+01
-1.264515160739623525e+02
-2.253226961598520717e+01
-1.190017687384166578e+02
-8.212982380272931948e+01
-3.106586851437004526e+01
-2.734769387105282590e+02
-1.692731117586267260e+02
-1.627452400626275164e+02
-8.010014207233119521e+01
-8.428003854446920684e+01
-6.537508163587506260e+01
-4.678033297606973662e+01
-4.503369013730731467e+02
-6.110613084494843150e+01
-4.483446742973718102e+01
5.567033175908285614e+00
-7.470038136739299262e+01
4.624527576016216557e+00
-3.766823621885212248e+00
-5.500922993882763734e+00
1.160083353691758390e+01
1.171462469751149982e+01
-2.190527606537119354e+01
1.131961164314297896e+01
1.842066503950777090e+00
9.782761790919863643e+00
4.501146860112875459e+00
6.722705682472707167e-01
1.253266910746213192e+01
-3.093151199687365249e+01
-1.825512919398190661e+02
-4.016935841300352195e+00
8.453068259893719016e+00
-1.519480437263982253e+02
6.588741893400916538e+00
8.247261666975447270e+00
-1.939767794471754883e+02
1.218606917458588157e+01
1.252340305366418605e+01
9.423549865412908844e+00
1.244694318082698814e+01
5.594506124684386350e+00
1.219526366986581323e+01
1.244067282623460713e+01
1.249676407911164588e+01
1.205144734902265569e+01
6.828348147533301216e+00
-1.682464924013304710e+02
1.072238386657208409e+01
1.151689790972143967e+01
1.088467834169343718e+01
1.162608138798825053e+01
1.250229393090394581e+01
1.243396492506934337e+01
1.239455971941697499e+01
-1.569478571097066677e+01
-4.334552738515525334e+02
5.326674657286787351e+00
8.923819260451583801e+00
1.099767935949309106e+01
1.222603057678110261e+01
1.220238606538631387e+01
1.015963017973421678e+01
9.698945535940454832e+00
1.237826802328029174e+01
1.205965871871763184e+01
1.181958979090338246e+01
1.243032216100645648e+01
1.217866762997847374e+01
1.238022678480625238e+01
1.250080870211917450e+01
6.579462270067470087e+00
1.247769946982002409e+01
9.909735336629793778e+00
9.230655139046103130e+00
9.930436404775257131e+00
-1.917189596469019364e+01
-1.737801465790808777e+02
1.242713812447733446e+01
8.410409755073382954e+00
3.424106775075443920e-01
-9.805690168666469475e+00
1.029676200725811697e+01
8.354091033195114591e+00
1.231895361419972801e+01
1.139880869543836894e+01
7.418394161899345640e+00
1.037714331001086698e+01
-1.607404037427962962e+01
7.012892156250105202e+00
1.253941789787940131e+01
1.226998618022514087e+01
5.986741285438817783e+00
1.227811772626025721e+01
-1.339301746881498012e+01
1.228194890325281818e+01
1.113940379325240571e+01
9.252139348444572420e+00
1.223215813057882428e+01
1.058371932127071346e+01
8.934913987939911095e+00
1.254326116246960510e+01
1.226793642980213406e+01
7.710971808961067708e+00
1.231282355934511052e+01
1.123448328922101425e+01
1.193541336590925184e+01
1.251627219089849419e+01
1.190172840347544536e+01
1.209722025966118508e+01
1.200854696953677703e+01
1.149175516124521934e+01
8.016245553337865815e+00
1.145156038149667310e+01
1.203628701539945922e+01
