-1.415561392927049553e+02
-1.701758056599840927e+02
-1.066183099706169060e+02
-1.320516700357716502e+02
-1.241110955471249468e+02
-1.124028090520816647e+02
-1.274911255161195385e+02
1.236592447629459635e+01
-9.183418095918251822e+01
-8.390128823225828114e+01
-2.239021243382538273e+02
-4.391818372877584409e+01
-5.590366462031683170e+01
-9.338140773004715811e+01
-1.250388899256489026e+02
-9.589412369463434516e+01
-1.904363088652881686e+02
-1.529295562803148130e+02
-3.175549438753012055e+02
-6.422623514821399482e-01
-2.415463155550082774e+02
-9.351259109426997895e+01
-5.268951399540281955e+01
-4.913210855432323143e+01
1.104121133459062598e+01
-1.280001478397168313e+01
1.234123223676701997e+01
1.248209976993819303e+01
-3.067904781523819580e+01
1.257244856273445244e+01
-3.608453624689720129e+01
-5.511122017159927111e+00
-1.310697871936401668e+02
6.934638352663476724e+00
-1.515312935910807539e+02
1.012658732716934296e+01
1.239855935358558625e+01
1.243680881224902635e+01
1.096106413854372441e+01
1.257261380555948094e+01
9.604114110993966946e+00
1.248849906188043235e+01
1.224213390646330524e+01
1.255132485469090398e+01
9.727985236640536826e+00
1.004868083514041999e+01
1.190081676452996717e+01
1.162157010090738041e+01
9.367064598934412345e+00
1.229242705032986827e+01
1.043437143146768165e+01
1.256505985555594052e+01
1.162164587346109457e+01
9.860785806227147177e+00
1.250816985634249434e+01
7.625937321966175020e+00
3.565652984932834002e+00
1.207229199525623287e+01
1.235179776475739111e+01
1.257073335729099739e+01
1.081422835215177614e+01
7.293381570755899546e+00
1.142777179518483877e+01
1.253137428809951182e+01
1.233985621995826243e+01
1.256262567885786652e+01
-4.234897257134342397e-01
9.727816628797686604e+00
8.859424425648875001e+00
1.248759842356198746e+01
1.182415426343178666e+01
1.250929189309714040e+01
1.180383369175889108e+01
1.239285624359134808e+01
-1.246347052263804045e+00
1.192774538905594106e+01
1.242934575368437500e+01
-6.606265278527961016e+01
1.138039143350045990e+01
1.217110101578036563e+01
1.033110122087123983e+01
1.232714305606891436e+01
1.251621449159217114e+01
1.240346620243336240e+01
1.186600087539687642e+01
1.233031425164592143e+01
1.012098436550130742e+01
1.235966914022812801e+01
1.256141485018214432e+01
1.015467951425711490e+01
1.220220994242339074e+01
1.213515603538389520e+01
1.160083868422067610e+01
6.014111337444354888e+00
1.197097578182994049e+01
1.026397557323825893e+01
1.256825099894111020e+01
1.038120572375830619e+01
1.252562055719720391e+01
-1.993013888760503391e+02
-1.413414422423176973e+02
1.222074425335137526e+01
1.161017448873268165e+01
1.081787862640951658e+01
1.093408325618056942e+01
1.249700364653947027e+01
1.254636659980688762e+01
1.249361723495283805e+01
1.257501087160022024e+01
1.193826988482974905e+01
1.189443701206677773e+01
-1.930731465868076384e+02
1.117368172734340170e+01
6.536535285139937201e+00
1.224697626318820909e+01
1.212819471170111285e+01
1.232473597260670850e+01
1.152381494772157033e+01
1.254049086280991965e+01
-9.811241323670653713e+00
