-1.464642684425560049e+02
-1.927811951848021010e+02
-1.470275954179525399e+02
-2.272204938536960697e+02
-2.986732948176357354e+02
-1.265372303156637912e+02
-9.338988822871050388e+01
-1.815877181458807570e+02
-7.108034994920797089e+01
-1.505916941643182838e+02
-2.815700751636613859e+02
-2.377649092823369017e+02
-3.294549159887016572e+02
-1.028162957857007598e+02
-3.125254143742754422e+02
-8.790783420547612081e+01
1.223502391168011627e+01
-2.922018737770981147e+02
-2.311082664697862299e+02
-1.879822257351782184e+02
-8.528942825322535271e+01
-2.813174453427890853e+02
-1.507627233240592091e+02
-7.707768754006544043e+01
-1.350751448882617751e+02
5.090215297930903660e+00
-3.358695142737989414e+01
1.223529593890542166e+01
-1.124705783026784331e+02
-1.460060570221230307e+02
-1.284733207084093820e+01
-1.101824952393670713e+02
-1.925093874303178723e+02
1.255256472850946281e+01
-3.538675751545630277e+01
2.285339205571954579e-01
-9.559224216659109175e+01
-1.349081116688751791e+01
1.250812665175158500e+01
6.443364912022717661e+00
-2.455961462647870874e+01
-9.758897742052188562e+01
8.833583096375940968e+00
2.070439648287583978e+00
8.455279282572076838e+00
-4.987183311571737221e+00
6.939981652747233554e+00
4.288245157213250280e+00
1.099539798851200523e+01
1.257180269138253337e+01
-1.808864718597525822e+01
7.319136868288286024e+00
6.279283677095010674e+00
7.129220130413942869e+00
9.820398622624026075e+00
-1.911992537553297566e+01
1.245922917479970593e+01
1.103789067426495762e+01
1.141286612263599309e+01
1.069486311761205322e+01
1.160937167163103112e+01
3.428645514841436537e+00
1.101771814287847917e+01
1.187125445198262597e+01
7.768176761260776608e+00
1.139139567003066844e+01
1.215717031099100076e+01
8.470786127025688117e+00
1.220284446979593618e+01
6.959235513896084413e+00
1.201316222602097206e+01
1.250845293877435793e+01
1.096142419132881685e+01
1.223907398819436310e+01
1.061865490557719838e+01
1.177794787053817416e+01
1.036960327564236195e+01
1.091270525086880916e+01
1.543931275546052362e+00
-1.268727019432707834e+02
4.314183100481955080e+00
1.241060313310498131e+01
7.373420487776887633e+00
8.163587338098864166e+00
1.242597786567617923e+01
5.000175607323138038e+00
1.032320797303215976e+01
1.224577017614578267e+01
1.235039925503866698e+01
1.256445452725860967e+01
1.051857280538069617e+01
1.218770665526402297e+01
1.109843003424120944e+01
1.248462167839705650e+01
1.136370291766851892e+01
1.255116347914269248e+01
1.149035173470749882e+01
4.182217888096321445e+00
1.122198324209245968e+01
9.233613668383590323e+00
1.210190630101430465e+01
1.099036436603554279e+01
1.063699498852446013e+01
9.713197580095183525e+00
1.029180024772556834e+01
8.274558029593977793e+00
1.258521315745614899e+01
1.137086997266662181e+01
1.232740342281861068e+01
1.225935603514949257e+01
7.500942714071112682e+00
1.165271457879302375e+01
-7.904706709679011567e+01
7.696778662804680593e+00
1.255270642362592426e+01
1.253091374509255651e+01
1.245505127782801580e+01
1.229902062189718670e+01
1.130642346328696668e+01
1.256333754945959136e+01
