-1.883468533642985960e+02
-2.425253372606911739e+02
-9.299426623691860527e+01
-8.287866050095881576e+01
-1.786777442674911356e+02
-1.561299396990293360e+02
-1.533988271412936513e+02
-7.733448655593707599e+01
-1.239929231464599297e+02
-3.795097749525967288e+02
-2.519718436933771955e+02
-1.459368050508201122e+02
-3.285691565497700140e+02
-5.046750850051657835e+02
-2.097889010610115292e+02
-1.750082904449110401e+02
-1.715787722863907163e+02
-2.952675520079646390e+02
-9.018134475728749067e+01
-1.342631484906995354e+02
-1.348878995855909295e+02
-2.573663882698172074e+02
-1.549691130480125594e+02
-1.498229081264354647e+02
-2.193241648959488259e+02
-1.143887978858396508e+02
-1.163845929516355255e+02
-7.902712939256639402e+01
-1.546596206740408945e+02
-1.905607377703531569e+01
-3.694756263773034277e+01
-6.450343935695785547e+01
-9.711636480347691247e+01
-1.243164737753949822e+02
-2.864846469693613926e+02
-8.606010663558231499e+01
-7.746590027850361082e+01
-6.603798403829136987e+01
-8.639875771510409663e+01
-9.151567138257452427e+01
-9.785679264816999989e+01
-5.464399027586924262e+01
-6.015073896133223741e+01
-1.512519211329353652e+02
-1.122184641771325602e+02
-1.572764202762692491e+02
-6.670447483903600983e+01
-3.334101260660895036e+02
1.253591187318140676e+01
1.242014379078880992e+01
1.249110276699275879e+01
-1.496872838442666875e+02
-2.298000272284917287e+02
-1.822307261328016921e+02
6.668838171774654100e+00
-6.087337324689642770e+01
-1.748482169218041520e+02
-5.608199648650774805e+01
-7.102654985505958507e+01
-1.255235167758246178e+02
-1.685031099858621815e+02
-7.308718157197594678e+01
-1.348766336144171589e+02
-3.414376980073971168e+01
-2.649393474517624441e+02
1.257172243144647439e+01
-1.364989307182931668e+02
1.254547128688097679e+01
-5.944329513561887524e+01
-1.198803520701173397e+02
1.067121529802364854e+01
2.149322742533170683e+00
8.802085083423289547e+00
-1.327616559361163979e+02
-1.618358312879320238e+02
-5.898000042040658997e+01
-1.266321380915479153e+02
9.183509168584425453e+00
-1.376833162181692387e+02
4.197346121232659044e+00
1.039185601351937116e+01
1.171295044884243097e+01
9.906627273616541274e+00
1.000893186379164845e+01
1.242779115344031027e+01
-4.195632232930812222e+01
1.009474385916807826e+01
-1.372213870391908586e+02
1.226306533903133911e+01
-9.161212987569487609e+01
1.219485178556560889e+01
1.213520470546452934e+01
1.247675293196761359e+01
1.154745428698771548e+01
1.252384866669656205e+01
1.500759527552393280e-01
1.197581645933681038e+01
-1.297582984212195925e+02
1.101695876322607681e+01
-5.085143031764970942e+02
7.719883554078737831e+00
-2.352161728081725585e+02
-8.045166528469326295e+01
-1.395963661897287693e+02
-1.702069885691376498e+02
7.062498641689223255e+00
1.255330461494958527e+01
-8.552234514641249064e+01
8.838252117458679891e+00
9.718785464820848929e+00
1.221164486175392483e+01
9.863270331674511837e+00
-4.607250782698368852e+01
1.249850170240062930e+01
1.230550822180966897e+01
9.426014727987663377e+00
