-1.122517337336136194e+02
-2.521395566232012015e+02
-8.588262032708203719e+01
1.235114609672735142e+01
-1.066567679636421104e+02
-2.217655256365644334e+02
-1.071569310189678532e+02
-1.659500209139537503e+02
-1.974271660490448994e+02
1.230288570654581726e+01
-9.344718445303819010e+01
-1.071442547773203415e+02
-2.583538161522333780e+02
1.223427813753312421e+01
-1.206452195936257397e+02
-1.210782917266248546e+02
-9.364457837407552177e+01
-1.408812171948919740e+02
-1.823352665305124276e+02
-7.088577500355624750e+01
-2.401634697612254570e+02
-2.411246834921805373e+02
-1.686270010025976660e+02
-2.431314867226804779e+02
-1.756618521922808611e+02
-1.044448231068692508e+02
-1.274105151929136355e+02
-3.166430697873649933e+02
-3.741133983010627162e+02
-2.464890137063318036e+02
-1.792474259806457155e+02
-3.594978358638683176e+02
-1.319138841620047629e+02
-2.728564425223195826e+02
-3.928238701296153863e+02
-3.847418226157442405e+02
-2.326885075076274063e+02
-3.156394475632947092e+02
-3.548737362951187606e+02
-2.262504419617326050e+02
-2.418937597806455528e+02
-1.786406126389746021e+02
-1.894952964130103794e+02
-1.802003966918476863e+02
-1.615875520523608202e+02
-1.391937912542292395e+02
-2.649204426364234450e+02
-8.060179950333348131e+01
1.245138103325495926e+01
9.894968570382776107e+00
-1.723028079877672667e+02
1.251735413539516628e+01
-2.371800209410132254e+00
-3.436996123794331766e+02
-3.404744062743823179e+02
-1.750818238523885100e+02
1.253161882102421210e+01
-2.007339978040338053e+02
-1.949741071913720134e+02
-3.134148461446172291e+02
-1.012015990767825002e+02
-2.045117535973086547e+02
-7.669445712380582592e+00
-8.914631042335132349e+01
-1.541771012196694812e+02
-1.067852331025675738e+02
-1.699788307097802829e+02
-1.192274132553391013e+02
-3.377796422973316908e+02
-1.649770140677645429e+02
-1.767470472662669465e+02
-4.357371307488251091e+02
-1.406077614294541434e+02
-2.095802043908079497e+02
-1.342979955811798334e+02
-9.062165714732606148e+01
-2.160875145153536039e+02
-9.377249480743613219e+01
-3.216008786708355274e+02
-2.671232768964947013e+02
1.242898760821933024e+01
1.250429015182273673e+01
-7.409912637566155524e+01
-8.369488010464336014e+01
-3.082277722066632464e+02
1.255347007203312870e+01
-7.599585985857100923e+01
-8.147254422573816157e+01
-1.136467651838428452e+02
1.251840916127391523e+01
-1.113867993297291434e+02
-9.223239360558031308e+01
-1.269398997302326535e+02
1.237578218962767451e+01
-1.760442041365165835e+02
-1.444858764072183419e+02
-1.908515285354659738e+02
-1.544498500637312191e+02
-2.000298071750873135e+02
-3.226126342685062696e+02
-1.332841282858587988e+02
-1.037095199932878273e+02
-4.230928104675872419e+02
-1.077926065802916042e+02
1.084118427511215188e+01
-4.371905573614320133e+02
-1.730198148850516588e+02
9.980425391315073114e+00
-1.774163809748814344e+02
-1.876195707210115131e+02
-1.943986986352433064e+02
1.249631597027615548e+01
