-3.526391158869780043e+02
1.254656136068658157e+01
-2.952575939187388485e+02
-1.220035997235569454e+02
-2.160543497872621117e+02
-7.947853398944576497e+01
-2.002687225882341977e+02
-1.494126565528920310e+02
-2.456276429646454744e+02
-5.206601390856508260e+02
-5.478383441234000202e+02
-8.673427433248100726e+01
-1.155875034557561776e+02
-1.404881969890316498e+02
-8.467209374052670512e+01
-8.724654148752918559e+01
-9.653151620118362075e+01
-2.071220163203487914e+02
-1.541726118926039817e+02
-1.741095415562955964e+02
-2.431564424846342831e+02
-1.311396979233007016e+02
-1.830000392561047704e+02
-2.861208038271018950e+02
-1.691620368853221521e+02
-2.994609177740032351e+02
-1.576096300091143121e+02
-2.570185178102595387e+02
-1.197218133849117265e+02
-2.125346215438513013e+02
-2.194542747749111413e+02
-3.070170100291619519e+02
-2.252398160393397859e+02
-2.851478768877254311e+02
-1.449490504749232684e+02
-8.722401374873945201e+01
-9.218038904581916881e+01
-7.928914567977690808e+01
-5.515087195227366124e+01
-4.597403933619916927e+01
6.540865011904015702e+00
-1.357326186749270391e+02
1.233765439957061893e+01
1.252803501687634835e+01
-5.537516060783469385e+01
1.205669959950891013e+01
-1.330333299532042304e+02
5.804629125672132517e+00
4.758212946229976481e+00
-2.378819485285951174e+01
9.806008953547218354e+00
5.583860519043746251e-01
-5.478716087186889183e+00
2.327956184645238125e+00
9.357569697233866890e+00
-2.042785787674765174e+01
1.025746076709478771e+01
1.556228959331807715e+00
1.156795993068581296e+01
-1.881835990171740747e+00
-1.290739710517756578e+01
1.229234834513372832e+01
1.119746701191668947e+01
-1.787423225811146210e+01
3.173693112492996349e+00
9.102194384354586276e+00
1.163992444979708729e+01
1.240530787720349792e+01
-2.166004016067486049e+01
1.195472754996321640e+01
1.198189846989796337e+01
1.204597478604581973e+01
1.047015539396887362e+01
1.227600770817309694e+01
1.067926832884306876e+01
1.246833783357409864e+01
1.044587029565331093e+01
2.753595600818076861e+00
1.150638075453058740e+01
1.105104429048299153e+01
1.173871914359875746e+01
1.257535861786721831e+01
-7.801975862017077645e+01
1.138706759002318947e+01
1.237306536725530925e+01
1.084835262220890861e+01
1.240167257994959904e+01
8.014974761054766361e+00
1.257971311162435057e+01
1.024337791316902901e+01
1.190849648406342531e+01
1.195774647149359460e+01
1.138514032296584766e+01
1.254622057921999811e+01
1.067853688709800153e+01
1.035796702209800202e+01
1.221065426490445027e+01
1.016386247109551988e+01
1.255637799649063346e+01
8.338157594812448892e+00
1.085211846835327876e+01
9.920190371015676689e+00
-1.596419427573332257e+02
1.226557959008168197e+01
1.215003534247877859e+01
9.024836281009783079e+00
5.009025680468134567e+00
8.342418483149218744e+00
6.349753920896977988e+00
1.011193055681794561e+01
1.024711851180693500e+01
1.012056282101379878e+01
1.241864704127771546e+01
1.211197774188940279e+01
1.121473933180032034e+01
1.102774897165946122e+01
1.249760902439799182e+01
1.208352445593909152e+01
1.079829311276186488e+01
9.936366568988816539e+00
