-1.466400315431618253e+02
-1.018175494971593196e+02
-1.465291923558124267e+02
-1.914985011290084174e+02
-1.088625372962839606e+02
-1.484458197836468116e+02
-2.845837966424663819e+02
-2.605887082393764445e+02
-1.477496662502488505e+02
-2.570126236338953731e+02
-1.729032365515283800e+02
-1.045633464448691541e+02
-1.555442933316425069e+02
-3.364453470796871102e+02
-7.401542196921893435e+01
1.197411334391643223e+01
-9.947283057056725397e+01
-6.183490982654535628e+01
4.710254813674069396e+00
-5.648237160040159921e+01
-2.662450401753919778e+02
1.235493372727709271e+01
-1.195899317309679475e+02
-6.517887370633475541e+01
-3.783809649678701703e+00
5.244501517846641647e+00
-5.074610021592415876e+01
-2.962699916943277501e+01
-1.720890286485549154e+02
1.183444632590295420e+01
1.105021366684811213e+01
1.256428177625257092e+01
1.252591654964386869e+01
9.647550590431519524e+00
8.619846001436414440e+00
4.951977474310073291e+00
2.933759876884955986e-01
1.231282050797248928e+01
1.240019374016912757e+01
4.870438266127928628e+00
1.232755686200758305e+01
7.483767757587420633e+00
1.249977685867728638e+01
-6.182550156560584043e+00
1.217540341634338930e+01
1.235052669580013074e+01
1.137175638963892155e+01
1.133648531897528500e+01
7.136928380336876820e+00
9.124664810760064526e+00
9.170730469396989548e+00
6.374375627222553575e+00
6.353226524115354934e+00
1.158945318391432622e+01
1.203216597946252620e+01
1.225533449753164916e+01
1.256753661256205312e+01
9.809694009482281984e+00
9.703825817533813236e+00
1.123896673088615117e+01
1.204523746108606375e+01
1.165027305725361551e+01
1.014644904023413119e+01
4.112680757773533813e+00
9.006486508281355441e+00
6.849636809177141572e+00
5.771748886917652754e+00
5.739059646747620036e+00
3.378401444153920963e+00
7.748450389302946384e+00
1.226635840308609104e+01
8.679913175111558132e+00
5.169323120766195601e+00
1.254028672664836108e+01
1.062243256686267223e+01
1.116472328098570799e+01
2.847480195383591095e+00
1.001187786965912352e+01
1.171374862231952108e+01
7.082542889090164273e+00
-1.780965410363061707e+01
1.160979917520987570e+01
1.118670443369200740e+01
5.002626891191573222e+00
7.251290215957360452e+00
5.628922939962221150e+00
1.043109641296566181e+01
7.258933915319347285e+00
1.245521758874042639e+01
8.010243810123359509e+00
1.153156684446187796e+01
8.144155128503989260e+00
1.017244157691227180e+01
9.538477939462982391e+00
1.069739203303254271e+01
7.476294800474379443e+00
1.233331588351134656e+01
1.241906581439734936e+01
1.068024865614159680e+01
1.148583197521952570e+01
8.159721897960086068e+00
1.247552107923146814e+01
1.245289095003071012e+01
1.020146723263670197e+01
1.236457520532465537e+01
6.934421086454268135e+00
1.253660517094679427e+01
7.276536795928540968e+00
8.571470635989083320e+00
-5.161553703384608127e+01
1.176042332139857827e+01
1.134403032095881159e+01
1.014455642004062952e+01
1.109750096909657735e+01
1.021662161079392561e+01
6.754202095007812545e+00
3.670695405193214356e+00
1.179897100391238318e+01
9.015996592188209036e+00
1.242753013263251916e+01
