-1.053327870375435253e+02
-1.383207568411772286e+02
-1.545579833053581069e+02
1.178162828643383619e+01
-1.186518393515752052e+02
-2.430759766382145415e+02
-3.084418212551362330e+02
-8.097358447282532268e+01
-3.498026951849875559e+02
-2.637176986862509693e+02
-1.043019267002605659e+02
-9.504911764255993489e+01
-1.470218112455080188e+02
-1.475322979088575437e+02
-2.295968924830374363e+02
-3.443272320072782691e+02
-1.704608180608943542e+02
1.233307372781957056e+01
1.254401436012859783e+01
-1.025014595673472684e+02
1.254121166907644991e+01
-2.342331578420051699e+02
-7.405656473992948463e+01
-1.545016890411533552e+02
-1.989110085811956310e+02
-9.504956429932501294e+01
-7.842002044911552616e+01
-2.194112666687763067e+02
-5.697021885557022358e+01
-9.363379342729439259e+01
-5.175010904821648694e+01
-8.550151087560753638e+01
-1.491727303792513908e+02
-8.523326143569575208e+01
-1.056393329891741217e+02
-1.533423074702525923e+02
-2.171042222583743353e+02
-1.803465204595662499e+02
-4.490145439153967288e+01
1.235696073213041224e+01
-2.160308865921452082e+02
4.905022357615395734e+00
8.008151640508081925e+00
1.218597640600613197e+01
8.346004114341198488e+00
-6.633679677531763019e-01
-3.852890013199806418e+01
-2.118633140480348231e-01
-1.163639199481984718e+02
9.868474713554455491e+00
3.288433696337063949e+00
-5.843702304379142731e+00
-4.494871525158727366e+01
-2.524130068202683574e+01
-2.105517643733855948e+01
1.193117106985298115e+01
4.243665174804380769e+00
-6.177645043336575270e+00
-1.060178285745482611e+02
-2.729470703433668177e+01
-2.044957846737044918e+02
-4.906139105348607643e+00
7.041328647015945741e+00
1.010254776087059980e+01
1.239135630101691987e+01
-4.576330250499520957e+02
9.430461586479591318e+00
3.949670515047364105e+00
-9.961806312763121696e+01
9.487954221025482582e+00
1.205168356110021399e+01
1.089821357135791757e+00
1.243331133018439338e+01
1.213492549684635691e+01
1.234814041567630660e+01
1.250199555011575825e+01
-3.414233131824067158e+01
1.245198363882214565e+01
9.033140592761895959e+00
-2.424904874152047540e+01
1.253085883035702253e+01
1.250435570860874890e+01
1.252775278325218977e+01
-1.733693763818535842e+02
1.237713439092419598e+01
1.224760214181723939e+01
1.120446700480682267e+01
5.183956705722351899e+00
1.222758266294301599e+01
5.205645888452112402e+00
4.946059567056586559e+00
-1.811498616096680081e+01
1.230689182383687985e+01
1.156717586030700673e+01
5.116285482813877294e+00
1.157622486855147415e+01
1.247390002761283512e+01
1.252716020983841894e+01
-8.988164717588018959e+01
1.205204954393369654e+01
1.248233211276156851e+01
6.821803599664484352e+00
8.062796883587296293e+00
1.194505601820347707e+01
1.161846234397099664e+01
1.081768884917790885e+01
-1.315210816648068359e+01
1.169967915613721487e+01
1.256130545359800088e+01
-5.301708257570449945e-01
6.130406242295347141e+00
4.995607588259790788e+00
1.212726083014501910e+00
-3.305953720665577578e+01
-2.675392895923744874e+01
-2.730979481187097235e+01
5.556558661123064624e+00
-2.676029136419273158e+01
-2.584889723984196053e+01
7.458506170430177384e+00
