7.613615601678669798e+00
-2.397415439921808513e+02
-4.895493419054104152e+02
-1.089538419917498970e+02
-1.832021926760697283e+02
-2.045085757868130543e+02
-1.325417324975050235e+02
-2.866405934944378942e+02
-2.495074418462369863e+02
1.229217638049354733e+01
-3.922378344672006278e+02
1.254900547075754780e+01
-2.699227786664444295e+00
-2.089268667007381453e+02
-1.567594701469002985e+02
1.204718699725294329e+01
1.205648506415161592e+01
-1.165131883189493323e+02
-2.032978857517212816e+02
1.226005777723417722e+01
-2.520948728732078052e+02
-1.430542925664625500e+02
-9.836811696009316108e+01
-1.307929392123240575e+02
-1.472513687050808073e+02
-8.064892393438748286e+01
-1.308062823640258614e+02
-2.374753363161844675e+02
-1.057971162552299518e+02
1.236413036042054969e+01
-1.412746630385687752e+02
-1.131173297634995407e+02
-1.103227047536869065e+02
-2.284375422779235976e+01
-1.665896838151070369e+01
-8.472506763966947574e+00
1.252841421384664322e+01
-1.640753798044067082e+02
-3.850981129016761173e+01
1.241848318362073478e+01
-8.814979170811514564e+01
1.228099243164358612e+01
-1.655996636150682377e+02
-2.600234180994871380e+01
1.232395274412669472e+01
-7.591155929605495345e-01
1.881385049903505191e+00
-3.043510764302433813e+01
4.845712541819738206e+00
1.255049891694377528e+01
1.180732115354844147e+01
9.908986738177926412e+00
1.201810196742468406e+01
-5.133760005229257217e+01
1.222789279215695224e+01
1.256641300848623821e+01
-6.692368156740272411e+00
1.245081971894147799e+01
1.248982049290657592e+01
1.242285563663376280e+01
1.201548723900777560e+01
1.233228695934054464e+01
1.023292810629932958e+01
1.130911651255097361e+01
1.158873574823901365e+01
1.047466767951471489e+01
1.240487460951748666e+01
8.290999192934584983e+00
1.174794765136152286e+01
1.108834544431839397e+01
1.244390736734914960e+01
1.124859685893984462e+01
9.578802650111349237e+00
1.157636020105413266e+01
1.138484400184874445e+01
1.220455315145138186e+01
1.205656194071746512e+01
1.068006242003501782e+01
1.249092555354316403e+01
-4.472610169812353575e+01
1.097755305352476185e+01
1.175051111574183516e+01
1.134753887811626782e+01
8.325162615839843738e+00
2.367469391509406051e+00
1.056372951697309936e+01
