1.173797925833796008e+01
1.171121919706264336e+01
-2.680679053224720860e+02
-2.282585881624482340e+02
-3.618874170761563391e+02
-1.702903820548274894e+02
-1.956505723435231232e+02
-1.016405675029813835e+02
-4.247091131052078481e+02
-1.729785406906627259e+02
-3.590873720239216027e+02
1.251671642733302470e+01
-1.476756619753489304e+02
-1.260477948634574688e+02
-1.241876551443920818e+02
-2.126688726535575427e+02
-3.502958523069687544e+02
1.253943298325739519e+01
-3.064703738370026542e+01
-3.099930811888616518e+02
-1.896759873504359177e+02
-2.818476830563267299e+02
-2.388886085024452655e+02
-8.986137152972578690e+01
-1.208653318149817721e+02
-1.326236022058563151e+02
-1.232812373005069446e+02
1.248165781435551125e+01
-2.877068929731191105e+00
1.256556183470758015e+01
1.242720338913090927e+01
-1.977003605125482011e+01
-1.445161920925971231e+02
-2.304961824709882592e+02
8.939836257627678862e+00
2.037312058449940011e+00
1.241261204867919687e+01
1.253573869790620066e+01
3.838797014929959062e+00
1.255343735047936704e+01
8.934033897034730387e+00
1.172710146568285339e+01
1.194898527799049681e+01
1.254100804484935949e+01
1.117999480296864334e+01
1.132481791998735332e+01
1.254011950308794354e+01
1.123749438869034734e+01
1.195278518852453509e+01
1.170986665440067931e+01
1.250258863583008129e+01
7.424924234202410211e+00
9.508920729307471120e+00
1.071840868927065316e+01
1.230754243798234349e+01
1.256368914540821358e+01
1.258143772485701106e+01
1.073550742277965853e+01
1.250781075312824697e+01
1.215379205850633149e+01
9.728103716302099357e+00
1.017080908831796826e+01
1.132231609942656547e+01
1.178231486852513576e+01
9.150460644957609802e+00
9.317290881744089148e+00
7.623346225880189841e+00
1.126920591406710059e+01
1.250181383059040030e+01
1.229015715241089524e+01
8.732795683068179216e+00
9.905841157797350860e+00
7.592640980535064088e+00
9.337883268694984196e+00
1.211728015679082127e+01
1.254165522500933250e+01
-9.737769269860091725e+00
1.174267936627598630e+01
1.211452200341793706e+01
1.244002691136023486e+01
1.012055241907039971e+01
1.215884899992514789e+01
1.140989851579194791e+01
1.225255655969955626e+01
1.238666463399308881e+01
1.053142829385383372e+01
1.131201238414891108e+01
1.146556571371820965e+01
1.165471701209795441e+01
6.052747090525098628e+00
1.145033588555615722e+01
1.124010568144150213e+01
1.051214155142309181e+01
6.451344333531084274e+00
1.237358971008129238e+01
1.223214191597021916e+01
1.209877194135733980e+01
1.218404310789344969e+01
1.244651299980414727e+01
1.209920494132080115e+01
1.238293476077075539e+01
1.237669883534799808e+01
1.188086633563644234e+01
3.840946516640347141e+00
1.126581857563808597e+01
1.089798386200348190e+01
1.039712828544226220e+01
1.152186849610331976e+01
1.042566062355938250e+01
1.208647419271795620e+01
1.015515560208025647e+01
1.254466412787485119e+01
1.246720331859371456e+01
1.255746876312530347e+01
1.247228436254126827e+01
1.225318474294445181e+01
1.181977451390419454e+01
1.225442647599708046e+01
1.227201370160844718e+01
1.196598347816986418e+01
