-1.432954259724569965e+02
-9.795983288753960494e+01
-2.568286892428233159e+02
1.203472740395326568e+01
-2.673705094591213651e+02
-3.958973751768230045e+02
-1.746467650498410080e+02
-2.334351367910296915e+02
1.253969821479359936e+01
-1.327075836322854343e+02
-6.251537207691315956e+01
-6.631310891068524427e+01
-3.779982330542810587e+02
-1.475850525926711043e+02
-1.011920413464146549e+02
-2.961106328986382437e+02
-1.283964690411313256e+02
-4.028539909293645138e+01
-1.269022117508816194e+02
-5.023491711873992926e+01
9.559792506713080229e+00
-9.763209142347027125e+01
1.244611949339962642e+01
1.219355545880826952e+01
-8.442257943550545463e+01
1.242768511270004694e+01
8.418622927673963474e+00
1.234397324285558284e+01
3.880886880758858126e+00
-3.114784789278939456e+02
-1.678203874712718857e+01
9.381826614315755819e-01
-7.211367395836960270e+01
-8.160413337571320369e+01
-1.077193201428279679e+00
1.178849915957807148e+01
1.251999508979009867e+01
1.256269632261560432e+01
1.234821696013078629e+01
1.245761429956773547e+01
1.240830961218610184e+01
1.230376619555141282e+01
1.232611929381451432e+01
1.164252890750146996e+01
1.228659398459046237e+01
1.246282741143161665e+01
1.189758238583389272e+01
8.069521290110159839e+00
1.244904706201440803e+01
1.255650029754312769e+01
1.101380446116708534e+01
1.186843557939612559e+01
1.241543456758879849e+01
1.109173747053931258e+01
-6.022819511379100987e+00
1.018169284283086284e+01
1.210908440211862214e+01
1.250241711710599901e+01
1.080530661419189364e+01
1.195236356463820826e+01
1.254459445615686164e+01
1.193113822543601543e+01
1.242937185135180123e+01
9.936190612495970242e+00
1.136885280962234646e+01
9.988386720113673789e+00
-2.508720292041097721e+01
1.219590808689537020e+01
1.253581064595514860e+01
4.919743408922590433e+00
-2.455041719404053140e+02
4.391153758064646695e+00
9.054607188679758778e+00
9.610629919569191770e+00
9.989303651034585840e+00
1.178126722410635452e+01
-9.122425718384421600e+01
1.233257363984734312e+01
1.233325413834094064e+01
1.229611755944240237e+01
1.245469726673199418e+01
1.171502313695907560e+01
1.245580944820251013e+01
1.234544345008001898e+01
1.220748727719347571e+01
1.110147035960890527e+01
9.773332004166306319e+00
1.204132426101474351e+01
1.203393219324081187e+01
1.186001722211321052e+01
1.213077913308835143e+01
9.407965501737386660e+00
1.227551969392267850e+01
1.241486942887654976e+01
1.007389210748264929e+01
1.226945140632277109e+01
1.210932055204765945e+01
9.533685116801361659e+00
1.256550252280012181e+01
1.188123826164094865e+01
1.230212502004717479e+01
1.249937974104950378e+01
1.118705465597590099e+01
1.118725613812512520e+01
