-1.785418685404722510e+02
-1.945709671544187245e+02
-3.547851013886691476e+02
-1.144370825871542792e+02
-1.463766657088044099e+02
1.255628535762599718e+01
1.245093826291910766e+01
-1.807973864338032115e+02
-3.212947086792091227e+02
-1.584978974543647041e+02
-2.980566940918713499e+02
-2.118005185050964201e+02
4.515199540567859771e+00
-1.130567616066561527e+02
1.233327433087430336e+01
-7.108991493966779274e+01
-1.539368851019723650e+02
-3.657444462360960102e+01
-1.588212083293766739e+02
-1.122416669629510437e+02
-2.724478377193605070e+02
1.096094296846817073e+01
1.222461066541587371e+01
-2.446199814571886293e+02
-5.157345746252882890e+00
1.254799993970860150e+01
-1.857473936331782056e+02
-1.071080208892535524e+00
-3.947165407941035653e-01
5.470853545896106951e+00
1.247378066542241370e+01
4.881893046760273691e+00
1.027682530788955262e+01
-3.383558152660882001e+01
-1.371702413101694162e+00
1.241006566046729276e+01
1.208285278786686945e+01
9.723740356626599635e+00
1.097775573990934284e+01
9.119963387350001227e+00
1.199877817865622198e+01
1.236937572572584187e+01
8.904045112042837218e+00
9.324462390011794000e+00
1.166435488832755141e+01
8.896512799832629881e+00
1.201339607766549911e+01
1.213126977047133437e+01
-3.642807652487935144e+00
9.145291379949826549e+00
2.262536080772790115e-01
7.322523309963557381e+00
5.765063683805598416e+00
1.157289212417760460e+01
-3.138367909989506899e+01
-2.338265877683543437e+00
1.175985996973492398e+01
2.953718728078442268e+00
1.246577568108074985e+01
1.182058987796421334e+01
8.962204697574673418e+00
1.067260546122109233e+01
1.221666580707940497e+01
9.084670988320086238e+00
1.016183055860281392e+01
1.193640140002694494e+01
-2.690095290400051908e-02
5.945996089954126873e+00
1.251742603921798569e+01
9.047626781962794240e+00
8.270988156622584242e+00
1.203088378850294404e+01
-1.329608816025447595e+02
1.136797722721730253e+01
1.224392094795854646e+01
1.235851918806899974e+01
9.003195223215973542e+00
1.236803461583763664e+01
7.960547582676416489e+00
9.280693022715707841e+00
1.121020506729136024e+01
1.215816857151504138e+01
1.008488912615693067e+01
7.840435422694882028e+00
1.239110008664258089e+01
1.169806532493909224e+01
1.025126491468061474e+01
1.251011195628244543e+01
1.255527723361947601e+01
1.020460619700408955e+01
1.150982781718099801e+01
1.175078210776654686e+01
4.529943208508298014e+00
1.252709203787310166e+01
1.233728627466032712e+01
1.125225091662633581e+01
1.248576397280606542e+01
1.061257602954177770e+01
1.229653964478283612e+01
8.583558021016862938e+00
1.234764920626957796e+01
1.247969785890972894e+01
1.254771189700023193e+01
1.249792103028386236e+01
1.246754246243936137e+01
1.069479484175448292e+01
1.252086593254374236e+01
1.179820035234975073e+01
1.255482362075830594e+01
1.117238356623362883e+01
1.161265458039564713e+01
-2.044367280852270596e+00
5.492598268250366900e+00
1.243675400807900644e+01
6.841007514217713137e+00
9.501802454948130361e+00
1.245886465499899032e+01
1.209576395092121892e+01
1.163421520882604021e+01
1.239286993835955819e+01
