-1.419887089404366520e+02
-2.471481569782349084e+02
-2.456624167329084116e+02
-1.898790525416411867e+02
-1.943650726401654367e+02
-2.126016293533514272e+02
-7.909201130190152185e+01
-2.808096400480212083e+02
-4.534798382792375264e+02
-1.270147393074215074e+02
-2.181319198015044094e+02
-1.006769875639071330e+02
-2.729789420842078016e+02
-1.069813372533636056e+02
-2.254309380296282654e+02
-7.225121298644855017e+01
1.241781818260679060e+01
-1.059644928682386649e+02
-1.089141228487106616e+01
-8.056724893035665502e+01
-3.796030566104477799e+01
1.245842394255379659e+01
-5.376867314106548434e+01
-1.978978506699898787e+01
-6.171750501426146229e+01
1.251303020136265509e+01
-9.765525234207986216e+01
9.356344375215030595e+00
-1.297449764611070293e+02
1.176112416805678151e+01
-8.485342564675056565e+01
-1.911257550203715994e+01
1.217920384803420220e+01
1.241425094148945085e+01
-1.527881973065080956e+02
1.253623036200180607e+01
6.858578078773966524e+00
4.930360028696830099e+00
8.130583356966544883e+00
1.230404906962904654e+01
-1.610337808190917031e+01
1.093956381529824995e+01
-1.091773407643407623e+01
1.178068745867045664e+01
1.254701229153634934e+01
1.246257560830298061e+01
-1.478224073917816206e+01
1.073774095205789081e+01
1.202807807144322183e+01
9.039595877596168449e+00
1.076116637170149914e+01
9.490710015196457405e+00
9.762134431925559852e+00
1.237954795599246793e+01
1.225854584688062410e+01
1.139425268649577383e+01
1.135916920177118961e+01
1.254605838203565682e+01
1.176043979356466629e+01
6.004697304943645619e+00
1.244288384474849707e+01
1.040289250637674456e+01
1.246650800691842065e+01
1.030829653724139305e+01
1.146251536641898916e+01
6.156920063267323329e+00
1.254273042925643367e+01
1.225962801157633386e+01
1.251458717412037025e+01
1.054993313739862515e+01
1.174823712658998431e+01
5.005079258764533634e+00
1.106980142865623762e+01
1.032375041214677935e+01
1.255768130312766750e+01
1.168799788213935642e+01
9.939577945972288830e+00
-6.489913665559150502e-01
1.201763512653559829e+01
6.509507992409778510e+00
9.765789213707781968e+00
1.251268480791033966e+01
8.050640580008128211e+00
1.011773847319991404e+01
1.541760980507149270e+00
1.256242250058411791e+01
1.229583241535474869e+01
6.238744019847812794e+00
1.249796196079096688e+01
3.210490739657009485e+00
1.255713160227750791e+01
1.242570977616959027e+01
9.726937602592357734e+00
9.012991846829685016e+00
6.571872981128910496e+00
1.174775171381975625e+01
1.226708787783913834e+01
1.231936076776853461e+01
1.247837486562524845e+01
1.256685082626453465e+01
9.189502360159412575e+00
1.236395906133566669e+01
1.032818040790242620e+01
1.222407316117487674e+01
1.247686201174335530e+01
8.160514490061796522e+00
1.165659816262790471e+01
7.229412824562528428e+00
1.249040943351674215e+01
4.222653003625776336e+00
1.020859579363490255e+01
1.255093062081433786e+01
8.047701268975917088e+00
1.253968496130148580e+01
7.764664897082049322e+00
3.005980333981694841e+00
6.317705527514627661e+00
3.517051408341458796e+00
1.125894805837635637e+01
1.250872443031266101e+01
