-7.431344711867397734e+01
-9.671309681580497397e+01
-7.853043881113028135e+01
-7.964526744680283343e+01
-1.173864990174564298e+02
-2.285676487184521761e+02
-1.351242826436123039e+02
1.256716947096494508e+01
-8.378737238659869035e+01
-1.543845649417805532e+02
-1.524293650939212341e+02
-2.367692991741376147e+02
-1.098808345381140867e+02
-1.203948123230951950e+02
-1.587482315460680695e+02
1.251525132123418516e+01
-4.244603653074160832e+01
-1.177165028283129260e+02
-6.223256310177823281e+01
-1.646553520744963350e+02
-6.022926503380904251e+01
-6.002243902824425703e+01
1.253444169814319231e+01
-1.029649631308235627e+02
-4.152054982984136444e+00
-5.266704236150536644e+01
-6.612653263457943353e+00
1.252164581627247841e+01
1.222063898254084435e+01
-1.290202391685603445e+01
1.221141443500077806e+01
1.246323699385483330e+01
2.011491396199943438e+00
1.214804771930483263e+01
1.055241342259218129e+01
-1.273613474910000321e+02
9.444316062095305497e+00
1.156673617010770982e+01
8.791569852618732028e+00
7.686873406457788604e+00
8.982253342244550964e+00
4.978317251452189396e+00
1.679449380747239928e+00
8.046692809626303955e+00
1.154214509668624089e+01
1.211198169163426286e+01
1.203071210372815258e+01
1.241789372487617449e+01
1.244406065719302745e+01
1.225806269531051029e+01
1.245694401217009784e+01
1.202776143374115847e+01
8.522479155417951091e+00
1.249517718250999465e+01
1.247092376947071912e+01
1.073658755630340522e+01
9.259321450185119318e+00
1.245651544095034602e+01
1.230933579344433682e+01
1.229888392093444693e+01
1.255910447207172709e+01
1.243552444475299801e+01
1.003095330730974055e+01
1.115750585472334144e+01
1.228084404697625054e+01
1.208484545768991048e+01
1.212573368995852974e+01
1.237787740574162498e+01
1.241110152266507072e+01
1.149072222307814783e+01
1.240512558173527857e+01
1.226363399942950139e+01
9.893987938727395459e+00
1.242850689746660464e+01
1.223429089784111490e+01
8.174206757879529661e+00
1.233860320410028244e+01
1.239737047487604293e+01
1.161184881602135022e+01
1.038234728201869572e+01
1.049075014235890535e+01
1.246207066969950539e+01
5.763591736617081907e+00
1.246397794769463552e+01
1.201184806155279716e+01
1.087560569671190080e+01
8.569443509652701962e+00
1.222827263464376912e+01
1.220078258068374488e+01
1.246919790121237170e+01
-1.212496578611924463e+02
1.235536599540303904e+01
1.147465046788291687e+01
1.250723084042331479e+01
1.214507334865665911e+01
1.063057768297340289e+01
1.249298732454919936e+01
1.257473456228987985e+01
6.431771137158884599e+00
1.152514163184182294e+01
1.060220337622325815e+01
1.241773309376925916e+01
1.230095680704361349e+01
9.873631041703848865e+00
1.238422766490818283e+01
9.148479989260726697e+00
1.171766949918896472e+01
1.241219695141817070e+01
-4.637190675925392469e+00
1.011318498692239487e+01
-1.090428839679510276e+02
1.197980454014869700e+01
1.088117351943957090e+01
1.256446804021397057e+01
1.211134219732804596e+01
1.246406120196800060e+01
1.251431798753300129e+01
1.216305815668424373e+01
4.380846035052799792e+00
1.058051578593989106e+01
