-1.555747912139229641e+02
-1.038578782802328249e+02
-2.350536783097967088e+02
-9.758500502343822802e+01
-7.574848191003087550e+01
-1.966995511394632672e+02
-1.937083901719503274e+02
-1.710158338907473023e+02
-2.175101243328100225e+02
1.235817309279699749e+01
-2.201426499751823940e+02
-7.207260104550606172e+01
-8.419650469027665451e+01
-1.382356104059170718e+02
-1.149903498170620821e+02
-8.728766103479954097e+01
-3.380784113762064180e+02
-3.426097982423594885e+02
-3.643515929737403098e+02
-1.356569124660748002e+02
-3.858584331303421209e+02
-4.245514145819971645e+02
-1.795931299351925077e+02
-1.952247589305640219e+01
-8.906445268419420813e+01
-9.345136970507559226e+01
-7.588007886761937471e+01
1.250998281603319384e+01
-1.277926689627089445e+02
-7.042784472408133922e+01
-7.337045186947139541e+01
-4.210635334604086921e+01
-4.556022362768720058e+01
-5.479851919450326392e+01
-5.610105513720809256e+01
-3.568779169821837627e+01
-6.301117779974170219e+00
8.075236100242470627e+00
-3.222750296476667842e+01
1.136050150122107105e+01
1.139024213495221893e+01
1.244678271597749131e+01
1.249375837386983790e+01
-6.658901146188711095e+00
-1.841584392943431681e+00
-1.879935938785316694e+02
-4.011961864532032962e+00
1.182321626038604201e+01
-2.398902416479117861e+01
2.088622746999149626e+00
7.310035410058558725e+00
1.250496545080770439e+01
7.712547018437298618e+00
8.293555182643112644e+00
1.248312401837445940e+01
9.750909404725195628e+00
5.947499285804878966e+00
1.249419590963037585e+01
9.989067569652702261e+00
1.154462003339197906e+01
-7.686246111474321907e+00
1.256260300912466121e+01
1.244461315082339325e+01
3.102939529585727385e+00
-1.515873643976501484e+00
4.963155806515358037e+00
1.213752400075862781e+01
4.979594666438595496e+00
1.147581726946097191e+01
1.138753261686362883e+01
1.236255691701817483e+01
-1.084034920247907223e+02
9.130294513587356775e+00
-1.622043623350812069e+01
1.209617311402667106e+01
1.256871368524303811e+01
-4.338435321203864703e+01
1.102559427317271101e+01
9.027149322771240492e+00
1.233106055089225173e+01
1.234998417835872786e+01
4.228258226217336713e+00
9.731027222376354757e+00
1.256492294969171652e+01
4.549095560851821318e+00
-1.774671974845271052e+02
6.277418693764190039e+00
1.193108016399833105e+01
9.106258135767040685e+00
1.182048785165899751e+01
1.087847782767317639e+01
1.173084418339603729e+01
1.207909740588520542e+01
1.129131200069128482e+01
-6.176653103794009780e-01
1.221407762473655367e+01
1.248078556096079517e+01
9.744524853111130369e+00
1.221114775658545071e+01
1.039507409236777136e+01
1.195908994617765586e+01
8.450863066905357712e+00
1.253962670639745269e+01
8.988576341189439489e+00
1.225925031316092628e+01
1.027330419287250862e+01
1.255825474620793258e+01
1.207251074402614677e+01
1.242377989816157324e+01
1.199488603478063808e+01
1.254654559690319715e+01
9.009516472635269224e+00
1.244181144826238139e+01
1.197835614461466136e+01
1.155588292998407063e+01
1.233575046917068363e+01
1.249884972700948182e+01
1.252399213347040074e+01
1.238814031971622143e+01
1.257653852134255601e+01
