-1.598351246876002847e+02
-1.843919102286971565e+02
-7.966432038854756570e+01
-1.708454958254175438e+02
1.249113951161354841e+01
-1.129585193945302990e+02
-1.209864063679877546e+02
-1.589537340563753673e+02
-7.247103342505084811e+01
-1.222909052520774651e+02
-1.356952670772258500e+02
1.101008892538120065e+01
-9.144276232447172958e+01
-7.377370065332537763e+01
-9.982279873563376782e+01
-1.060095844584800062e+02
-2.390827640245811949e+02
-1.661736375073652709e+02
-8.964575964333448610e+01
-7.776161769607324459e+01
-1.951422061320974990e+02
-2.153449488370128222e+02
-1.082337642340474702e+02
-1.445862553041680485e+02
-1.233112317607402559e+02
-1.842394804408868936e+01
-1.128772800582954261e+01
-1.292403638805940034e+02
1.256206914848274891e+01
-3.812613532714767217e+01
-3.473428407793107198e+01
-8.420661983024771757e+01
1.240994718912183359e+01
-3.379022503394923405e+01
1.208091888971198280e+01
1.141143869885269169e+01
8.876643758956053176e+00
1.235060165143037381e+01
6.533984845609774439e+00
1.253862214019888555e+01
1.218758534188159182e+01
8.216250675576450391e+00
9.519522295275560708e+00
1.211706762540840820e+01
1.252493589593445300e+01
8.868001134583415990e+00
1.070863358207632388e+01
1.011441610088528265e+01
1.252229197784454406e+01
-3.953857897130052947e+02
1.256402454163458060e+01
1.250536130536396229e+01
8.199888710276400872e+00
-2.865538446261348327e+02
1.174046553269736393e+01
8.879530893328736241e+00
8.160925382456886368e+00
1.155853293968708151e+01
1.029303082835236793e+01
1.200759705610492567e+01
9.459074442535417404e+00
1.126142473839001568e+01
1.257558985691854758e+01
1.255348306423964111e+01
4.181108201802025803e+00
1.252080738726693809e+01
1.018591579494618315e+01
1.091846644126382770e+01
1.096223382051796236e+01
1.202237176137250252e+01
-2.777179950082985016e+01
2.790199893058517233e+00
1.244176560594409509e+01
3.919557928745646791e+00
1.195007765428090352e+01
-1.895565722184854565e+02
1.235327631970366014e+01
8.102314586830180687e+00
1.237561696197993300e+01
1.254541532021181993e+01
1.246626577389443113e+01
1.256776004137329394e+01
1.071646076775988909e+01
1.199966757291673503e+01
-6.110239012319512142e+01
1.130734412812864775e+01
1.256856189570986437e+01
1.045324124145366440e+01
1.194298492550985280e+01
9.228660288481680851e+00
3.643905770937633903e+00
7.581599701268670444e+00
1.057392864699212964e+01
1.258130492326036887e+01
4.984401873147589868e+00
1.248085171569251095e+01
1.233612230497657691e+01
1.148002839600460945e+01
1.137706948221261349e+01
9.447040488554991455e+00
1.227219457545336745e+01
1.243619946211574145e+01
1.632340094839108247e+00
7.884568681558509873e+00
1.246279540985957546e+01
1.252693519363363350e+01
1.142435823976879483e+01
1.120329699977292037e+01
5.759784630504100278e+00
1.030337049982317055e+01
1.117785378959417031e+01
1.229835388864767332e+01
1.025582202025916700e+01
1.248755819459728045e+01
1.090594652024548594e+01
1.246254420953479958e+01
1.186991025628404550e+01
1.191248417831376649e+01
1.229615148327678220e+01
1.178598713008254251e+01
