-2.759618379191207396e+02
-1.245679257184797564e+02
1.253185571191795766e+01
-8.024651514060673207e+01
-2.755118947378540497e+02
8.034091026148804104e-01
-1.659312802371055966e+02
1.137343726478908046e+01
-8.053748236532993587e+01
-7.997663241839181580e+01
-9.175031361898088278e+01
-3.188107275609926887e+02
-3.012600683201466722e+02
-9.076120685411278544e+01
-1.892607698701852144e+02
-2.487420519572189335e+02
-2.733656785083020964e+02
-1.709806503957706241e+02
-1.644184898197447637e+02
-1.774067669071846751e+02
-3.142066763913079512e+02
-5.683896458495652837e+00
-4.805055426924507600e+00
-2.965420572357214013e+00
-1.103485748805667654e+01
1.230529914047307471e+01
5.596145292331373255e+00
3.668729252828939025e+00
9.058469876551036748e+00
-1.210330873139611185e+02
-1.865950854221818389e+00
1.257617906739924862e+01
8.684815587161011763e+00
7.056619635086366138e+00
-1.981065299883822917e+01
-2.664750121816481965e+01
1.075172124568538123e+01
4.130452903642931162e+00
1.185613928790152904e+01
1.193969347792996416e+01
8.352960587105275891e+00
1.069193738445432551e+01
1.094058897028941857e+01
1.146300900408657952e+01
1.070347829478126656e+01
6.517369672466323038e+00
1.110406932079405706e+01
-1.032336753789277140e+00
1.097423428720624194e+01
1.084951305866274041e+01
1.015196941450047063e+01
1.120639327345667802e+01
1.257523746130670617e+01
3.236829271247811945e+00
1.136681078007199019e+01
1.249834402331074479e+01
1.029270906012257747e+01
1.197176736478406411e+01
1.247242558176892047e+01
1.199254868277495234e+01
1.093605216145421366e+01
1.011059232807690478e+01
1.164953760965713059e+01
1.115764796556463878e+01
1.239992701501493855e+01
1.009451706647309344e+01
1.069202574583330190e+01
1.002872663506355266e+01
1.161432360132650921e+01
8.731114926946720090e+00
-1.255109474642401324e+01
7.423322553541478186e+00
1.224897518487302861e+01
1.252619814081763927e+01
1.209035119302984818e+01
1.234726937049584805e+01
9.297634777531943229e+00
1.167757461031403210e+01
1.165137527854550825e+01
1.088979046071773027e+01
1.196941627225527149e+01
1.192831463962123095e+01
1.229816735977330033e+01
1.250841684678209020e+01
-9.846257306637305362e+00
1.257925430299841452e+01
1.248660474598865555e+01
9.180040929573724640e+00
1.169484217219105737e+01
-4.784960282463818970e+01
1.236118853901582426e+01
7.255348454076934850e+00
-1.144410862911792748e+02
1.167314569755640008e+01
8.967581811477071341e+00
1.079561982737213555e+01
1.242539042975263541e+01
1.114441040876587685e+01
1.002288661552376325e+01
1.239293610877330565e+01
1.246775225051423774e+01
1.245147521383675127e+01
1.096384187432307833e+01
1.255962531748602906e+01
1.086655922851126910e+01
-2.840360115519803799e+02
1.248788908670869624e+01
1.212604620432549751e+01
9.186682708970874245e+00
1.234080043586419251e+01
1.177290688231232529e+01
1.220108093727170129e+01
9.721788381160376247e+00
1.243310993632573158e+01
1.194868065154109260e+01
1.061789418983990529e+01
1.242658047746316541e+01
9.561916407892706360e+00
1.235464998148338012e+01
3.301533664016815806e+00
