-1.512269970816770410e+02
-3.764163719989884385e+02
1.251439253198582691e+01
-9.041449430175921975e+01
-1.154564312624102485e+02
-1.824965253013003519e+02
-1.576364441375480396e+02
-2.272384936340218928e+02
-1.986249575460851986e+02
-1.207346145742714469e+02
-1.404702193625404618e+02
-3.936788906227231450e+02
-6.267726919139893482e+01
-8.895238402048383364e+01
-1.153402631392921478e+02
-3.541872148817995480e+01
1.251524370500137451e+01
-3.027032705698005088e+01
-3.403363687518664449e+01
1.193598815803028401e+01
-1.634631811043841054e+01
-2.739607114374950214e+01
2.979730395713328761e+00
1.153663582675108046e+01
6.519657282305168167e+00
-1.196972034976391441e+01
1.250680083240744445e+01
3.559447336053608524e+00
1.246278195390647880e+01
1.756541377242038848e+00
1.054703900603724520e+01
1.829081760838990434e+00
1.239484710011008950e+01
1.144549575863964286e+01
1.164491001882893961e+01
1.238525462639080033e+01
1.215958939911813452e+01
1.222818892486854736e+01
1.200466359092422231e+01
6.759569996984744478e+00
1.239543293724358719e+01
1.167558767547013510e+01
-1.457529555743675509e+01
1.115051030825845935e+01
1.188088513144297131e+01
1.158810991026588155e+01
1.056863812739696940e+01
1.038687843265135413e+01
1.247685525172484056e+01
1.087005825928622116e+01
1.252642841818306430e+01
1.080736467160165049e+01
1.248413443711366355e+01
1.236654956304338704e+01
3.939442449955038228e+00
-4.657175489821575809e+00
1.228303378956167613e+01
1.245288443682686541e+01
1.019734484634285110e+01
-2.200826585681623015e+01
4.879458986227284356e+00
1.190693618957834055e+01
1.137069407747805982e+01
-2.151686032738188814e+01
1.206828268147269867e+01
1.174678333748557790e+01
1.220850400333405084e+01
8.646646115512965025e+00
7.180423318896827389e+00
-1.533178143034696461e+00
-1.620441496174164442e+01
9.508021389752165931e+00
-3.251136317805872977e+00
1.155391482452034424e+01
2.800576749748092453e+00
9.565433314499696138e+00
8.151628737156638493e+00
1.249803113049894421e+01
1.133780341629489818e+01
9.681068638044164842e+00
1.176752942018113757e+01
1.247941560387290671e+01
1.247798744399924864e+01
9.922132651193237507e+00
9.095063643934150122e+00
1.223669191495039676e+01
9.434655428205367400e+00
9.194288496789715381e+00
1.206270256774648963e+01
1.242212169911428354e+01
1.239969737489843915e+01
1.220974848537403901e+01
