-1.480459585860209302e+02
-1.175826049834663252e+02
1.185477961461345942e+01
-1.276614911975577797e+02
-1.598943165542351608e+02
-1.086875404450111517e+02
-7.485473624549855742e+01
-1.712191051844740741e+02
-2.803523514937640471e+01
-3.529340097800492231e+02
-2.609259301469453476e+02
1.239455538081651120e+01
-1.136500656227703132e+02
-1.970684741860643499e+02
-1.152888175148828935e+02
-1.346364571553842495e+02
-2.909875106078301883e+02
-1.055217226109866573e+02
-2.138153565606381221e+02
8.845802470109607185e+00
-1.813624032604421075e+02
-2.271800828413832392e+02
1.246981637395964171e+01
-8.213873940983506827e+01
-1.438468253421046654e+02
-2.019768837728070139e+02
6.049474725766929240e+00
1.234295859882475987e+01
-1.344337107889160166e+00
-1.155183483754018567e+02
-1.378276877714106377e+02
-1.324599611222552937e+02
1.157444085968399072e+01
1.255610586176487509e+01
1.225439921061753523e+01
7.360971616500674664e+00
1.073529290686702709e+01
1.081280907939533620e+01
-1.538708943546033936e+00
6.426017028261359343e+00
1.252374753838082988e+01
1.107873546190485570e+01
1.256653191444328144e+01
1.212418390503615839e+01
-1.884388909741345799e+02
1.129822471364743741e+01
1.041273709569232864e+01
1.145120396550851538e+01
1.018007914431908745e+01
1.194165313269479256e+01
3.809627786839117292e+00
1.179042492032807488e+01
1.253210512126574372e+01
-8.610822665822891508e+01
8.059892699705004659e+00
1.245612017302274310e+01
1.177294455011059959e+01
3.474527102746828078e+00
9.744258232578335566e+00
1.247700982709451445e+01
-8.501551066862820960e+01
1.177290822495092115e+01
1.219158489447030469e+01
-1.856413217594607090e+00
9.376448758107803982e+00
6.599355527574982005e+00
3.955852263502048771e+00
-4.417018145819451291e+00
-3.075678822670528945e-01
1.208790662825779094e+01
4.024096777202107234e+00
-2.398949660667636152e+00
1.189505164219849576e+01
1.198537738924957452e+01
1.157427040585964662e+01
1.065743617741784632e+01
1.250995145112025497e+01
1.205725445526819151e+01
8.214909666573436908e+00
1.170428631004599040e+01
1.105465089184069782e+01
1.235580574448137270e+01
1.242897507199671203e+01
1.211460584154379738e+01
1.197250223645307088e+01
1.242550960644129887e+01
1.037024326450135092e+01
6.937360319651192597e+00
