-9.420347721151209441e+01
-1.836727041329313295e+02
-2.179768450021289254e+02
-3.141794369284600634e+02
-1.124784352848607227e+02
-3.908356345551248978e+02
-1.531016239460200268e+02
-2.191999479103744761e+02
-1.200338526396776189e+02
-1.119634123136544304e+02
-1.749612665447382938e+02
-1.550410561806115766e+02
-1.773572461073854072e+02
-5.609797726566402787e+01
-1.030541309821066420e+02
-6.558514396464046570e+01
1.226113966256845167e+01
-2.265991274752181539e+00
-7.889058807115880256e+01
-1.670963526329796593e+02
6.460613332837628064e+00
-3.279795238261428381e+01
-6.937917033915229581e+01
5.461677436646786177e+00
1.255905159967539042e+01
-6.798029182210680688e+01
-2.072478537511596528e+02
-1.894621912995985724e+01
-3.759370486344838014e+01
1.250408270393775467e+01
-7.529437295585758250e+00
2.736121492843716752e+00
-2.128011937499290411e+02
-1.050200253429482444e+02
1.227241501476410335e+01
-7.437845963602303101e+00
-1.795842902696642085e+01
1.088699926976491916e+01
-2.837023560793866395e+01
-1.455482388499187891e+02
8.278973740620845234e+00
1.192291328118000138e+01
1.202010372689447237e+01
1.240282157690156062e+01
9.748804180267331532e+00
7.794108897544171022e+00
1.222138427607139199e+01
1.249887242679289301e+01
6.454297163215523270e+00
1.180640789452775330e+01
-3.088365216144596559e+01
1.230171221686452299e+01
1.246690584799046242e+01
9.654897538496944875e+00
9.626526138866175586e+00
1.211558745604676268e+01
1.257202690213141594e+01
1.251383743264318049e+01
1.246214777618223835e+01
1.254322570883793908e+01
1.247972854981609458e+01
1.249516535931294925e+01
1.096109047507614420e+01
1.180657071160996630e+01
-2.680264100490597343e+02
1.237088480057886386e+01
1.248434775545469222e+01
8.939255621766921678e+00
1.242144707097293832e+01
1.240941720775971113e+01
6.017138112664534688e+00
1.252599108412479190e+01
7.011029898793679216e+00
1.148166121837313902e+01
-1.862212921885931394e+02
1.255542545167652690e+01
2.409927262859440589e+00
1.192493611254321628e+01
1.190218768648569458e+01
1.239637019780457905e+01
1.218241128576836019e+01
1.223814561834426407e+01
1.254714518720263783e+01
1.213194378384616279e+01
1.010873240926083483e+01
1.174601540040964132e+01
-8.063719580772758633e+00
1.248672369585076503e+01
1.201940765612658168e+01
-7.519495894301543615e+01
1.195676669639793310e+01
9.313145909499080943e+00
1.213451247936946231e+01
1.166499040920024832e+01
1.058871515153761500e+01
1.131468657020042201e+01
1.169857778247895652e+01
1.011806340232704926e+01
1.251602298471888730e+01
1.167048723587794967e+01
1.188448149788591834e+01
9.836759313619165113e+00
9.031182001476754095e+00
1.126884239705638535e+01
1.255552844656046929e+01
1.244143857056102931e+01
1.242225016963696760e+01
1.217219142847879709e+01
1.257866855508048509e+01
1.198487038269848348e+01
3.267904906351994043e+00
1.018187663014577637e+01
1.238246098298768416e+01
8.813911749550637609e+00
8.036373259352791010e+00
1.255800500719716162e+01
1.142897721209618211e+01
8.526227762183001602e+00
1.219786932771011045e+01
1.247673690856720086e+01
