-1.250606575468163868e+02
1.247082586959216854e+01
8.719402525181141783e+00
-8.198826322231577990e+01
-1.970087714180675391e+02
-8.360402880515873392e+01
-3.195084246648614794e+02
-3.854793207767836520e+02
-3.557304824819867122e+02
-2.793521022490270980e+02
-1.882786468265992426e+02
-8.285999173456616518e+01
-9.623836391363697373e+01
-3.785661647355885293e+02
-4.133561544947714310e+02
-4.068247981485904461e+02
-6.112037729870679925e+01
-3.903638899519661436e+02
-2.617578827977246192e+02
-3.928013478329996246e+02
-1.902266430639423618e+02
-8.889767860948025202e+01
-4.089727334422369722e+02
-6.577730723809969504e+01
-2.434219948621228582e+02
-2.386022127763084484e+02
-2.271083352627261718e+02
-2.487066672943217043e+02
-2.634239655799813136e+02
-1.826029880623764541e+02
-3.570231884888139575e+02
-1.232357955861862138e+02
-1.299919450865008912e+02
-4.056824371994729290e+02
-3.904530002113056071e+02
-3.425123459314843899e+02
-4.043971602190668477e+02
-3.513959279252803753e+02
-3.577797572781670965e+02
-3.625934605326288533e+02
-2.608557658320137875e+02
-1.192790303286234348e+02
-3.973305329038369678e+02
-9.112246475947354440e+01
-3.552855897307156852e+02
-1.115201721712019349e+02
-8.144364677840897571e+01
-2.293886240488847648e+02
-1.858121747693805617e+02
-7.474238332289333187e+01
-1.551457916178701169e+02
-3.717938612950169954e+02
-1.479699801230312062e+02
-2.266012395854390888e+02
-1.039212939848325021e+02
-1.908470092632863668e+02
-1.574120281076116044e+02
-2.348163125484125544e+02
-8.409386835073976840e+01
-4.460066288136158050e+02
-1.953719725296705860e+02
-1.382448786557648077e+02
-1.304368643312054132e+02
-2.430381417342905763e+02
-2.048700640715417762e+02
-1.575860978144016258e+02
-1.341399567648121547e+02
-1.197532154740426193e+02
-1.794458211808447743e+02
-1.895966639610517745e+02
-2.877559459188930759e+02
-1.479359927274865640e+02
-1.624740574661609571e+02
1.210975189205085556e+01
-1.548148930121055002e+02
-3.065624247826465307e+02
-2.112756996468554576e+02
-2.595302968916736859e+02
-1.430079765629963617e+02
-3.919056863351998459e+02
-3.093194401030005452e+02
-3.022870575922620446e+02
-2.588423330360489558e+02
-2.401910180910994370e+02
-1.326796781131054388e+02
-1.205605080688182795e+02
-8.529715148866462471e+01
-8.480521251414441508e+01
-2.086261782288353857e+02
-1.021594769307383217e+02
-7.952213808896588887e+01
-9.644923167140352405e+01
-1.121756839407775459e+02
-7.711087261796100734e+01
-1.296524530622376687e+02
-7.860996693597979856e+01
-1.028309739058973804e+02
-7.948643860982483034e+01
-1.112689385675235201e+02
-7.090619272983902022e+01
-7.317986429905521106e+01
-1.950298686675578210e+02
-1.577198212546178979e+02
-9.917122511800620543e+01
-9.296000656094679471e+01
-1.590683131542390356e+02
-1.575195935944889243e+02
-9.002026550521841841e+01
-1.149812051586512069e+02
-1.528202285755305070e+02
-1.163873022710053675e+02
-1.075832530626020684e+02
-9.497355665156707971e+01
-1.045254133720846141e+02
-1.024114570322688564e+02
-2.223496116049273041e+02
-1.042677915062821938e+02
