-8.738137670331175855e+01
-1.608122179867535806e+02
-2.585434941061394056e+02
-2.964435732924455351e+02
-2.333713517855601935e+02
-1.051411459447765537e+02
-1.797342408561279967e+02
-9.303380824471962285e+01
-1.339429822229846820e+02
-2.019080780014685956e+02
-2.222297151003506599e+02
-1.317188116660446440e+02
-9.955580074422157111e+01
-2.127496545842669207e+02
8.630538599296361468e+00
-2.581207656933899557e+02
-1.819794973084233050e+02
1.183405774445695258e+01
4.105471701740103896e+00
-2.886600745525627190e+02
-1.024433079139798792e+02
-1.753423511894768581e+02
9.043604384158573595e+00
-5.108729359257929303e+01
1.237416660834691839e+01
-3.225336180898882077e+01
-9.418427958896522512e-01
-2.449588145784286652e+01
-4.349801784268247928e+00
-1.738230345673546395e+00
1.198814445792568151e+01
1.196425459587976015e+01
1.100897932198086160e+01
3.916462487565786077e+00
1.249138823593200165e+01
9.321578921807944340e+00
1.174928444335518662e+01
8.324537097565059440e+00
1.211804848875932805e+01
1.087321155285895813e+01
1.249513463372695909e+01
1.206989838702289042e+01
1.158381905358022301e+01
7.689031760886901878e-01
9.677576681527988001e+00
9.558953016178374895e+00
1.215832530415068469e+01
1.055502310816521039e+01
9.620665073674748768e+00
9.535715159833586085e+00
1.255388504888764167e+01
8.314762596434384534e+00
1.238236136738931314e+01
1.065507562929692220e+01
6.451320721324735885e+00
1.167182751610133451e+01
1.241586968571862748e+01
5.205463978116188883e+00
1.218002247363860135e+01
1.049591999162565514e+01
1.064301036229567465e+01
1.091010282049830948e+01
-7.124019071684688242e+01
1.252074195592668815e+01
1.240971394779425196e+01
1.236028302134100620e+01
1.087739936708008059e+01
1.031896081355368011e+01
1.208982356951128345e+01
4.310986471431656142e+00
1.239562341368841558e+01
1.152617491765056457e+01
1.237398195198157858e+01
1.153552158088190005e+01
1.253433882982022141e+01
1.087301816289755862e+01
-2.350820241718099055e+02
9.220655081382886920e+00
9.235231237736115872e+00
1.245726465799006810e+01
-1.319822427371124718e+01
1.033501434231878235e+01
1.137362949421217095e+01
4.750501118366942777e+00
1.245380835346329640e+01
8.488541999427612339e+00
1.192461330453483725e+01
9.528895637997422341e+00
1.254801070157032505e+01
1.217909133130978816e+01
1.105613334719658880e+01
6.865054526546430225e+00
1.224543862037649689e+01
8.116337326456353196e+00
1.247052303069452606e+01
1.176011074530958922e+01
1.119578635808759337e+01
1.008921235083103696e+01
1.257588606199095871e+01
1.255219906751397119e+01
1.157125667811549619e+01
1.253612052316949566e+01
1.219550739988280696e+01
1.154550780073500427e+01
-2.373138150173599001e+02
9.153849692592427090e+00
1.204724080063631853e+01
1.218210461501379704e+01
1.208125929887219385e+01
9.267947783878851098e+00
8.156701015163534407e+00
1.236022797104009463e+01
1.009281763735515725e+01
1.151604276938610916e+01
8.792679878326005394e+00
1.199531956908763597e+01
1.239245302893788292e+01
9.871798117240203396e+00
1.176354461606942614e+01
1.124344594894623661e+01
