1.211410395719676103e+01
-1.205590754417591626e+02
-1.478598309779048066e+02
-1.282505783704266946e+02
-4.454850550933938393e+02
-1.985886429889367264e+02
-9.638889147491046572e+01
-1.312284889472559826e+02
-2.180306107737760897e+02
-2.442570474658033390e+02
-1.206624252367615497e+02
-2.452577025766143777e+02
-2.059128366393620695e+02
-2.184504020073867139e+02
-2.208942481271005818e+02
-1.691294923639560821e+01
-1.346211922315277150e+02
-7.802076421964865460e+01
-1.439286114017193654e+02
-1.340545078263632206e+02
-2.667157907057728607e+02
-7.393488582852205582e+01
-1.784157193868911406e+02
-2.971917169776389187e+02
-1.970063164568102252e+02
-2.012497069319205707e+02
-1.243523122406684251e+02
-1.914732190274621644e+02
-3.484154977160982298e+02
-2.014120741877810019e+02
-3.997606782676754165e+02
-8.856556446356013623e+01
-1.742803187889644221e+02
-1.251556685717075084e+02
-1.497309875513936390e+02
1.196318312098069470e+01
-1.280430181786599064e+02
-2.620529634345142540e+02
-1.219481161172865455e+02
-9.421445135450527175e+01
7.330071291777753295e+00
-1.193439779106854104e+02
-2.014429504651447189e+02
-2.610494106541085557e+02
-3.294659645537163897e+02
-1.713147645646347996e+02
1.249800891266070479e+01
-1.951113692095320005e+02
-1.196308755471619207e+02
-8.687050260651983535e+01
-1.378010617508665447e+01
-1.654600135825025689e+02
-9.379520973345735513e+01
-2.105331102146176079e+02
1.234905390196844799e+01
-2.250644109162661834e+02
-1.016871673153901696e+02
-2.418859513188467929e+02
-1.237718761627223074e+02
-1.291601837005472362e+02
-6.069361786878850751e+01
-1.888041599365978982e+02
1.251368929375144035e+01
-9.967458376993464242e+01
-1.503586796566842736e+02
-3.725597707391721656e+02
-1.180227658090319096e+02
1.001226620559652503e+00
-1.346128672672350604e+02
-1.267232326515290879e+02
-2.552804106423597545e+02
1.229388239047380971e+01
-8.009391951170424306e+01
-2.278680962928504243e+02
-6.128890667342609788e+00
-1.822670776673537318e+02
-1.885366362354877765e+02
1.255079673923773598e+01
-1.328793976349402612e+02
1.106800370165603553e+01
-1.389361390275713575e+02
-2.164960373009223531e+02
1.253745552796721086e+01
1.241743168101929662e+01
1.729112105304501767e+00
1.241366255026083643e+01
1.150638376577006561e+01
1.165136912695886906e+01
9.283164821267927636e+00
-2.676993017374862660e+01
-1.616414957035282995e+01
8.047939475240383445e+00
1.235241368340541612e+01
-1.080722355479321379e+02
1.236668840488838228e+01
1.252843840224723237e+01
7.338711479641739643e+00
4.401006084900203064e+00
1.255316735442751863e+01
-6.259671704809278481e+00
1.235130507020713431e+01
-1.461564392528920564e+00
-1.363011871530036387e+02
1.178372430826602013e+01
1.256063127883206931e+01
1.253838497077983050e+01
9.943078235855573155e+00
1.240118622702355466e+01
1.254113184327115604e+01
1.243344210421980378e+01
9.902672834582578076e+00
1.224124940574354881e+01
-1.015120920586486619e+01
1.209379674793349579e+01
1.198035620554485625e+01
1.159893419224919064e+01
1.195829699505813259e+01
1.129940654380001419e+01
1.225796889875840989e+01
1.060353113246691947e+01
