9.529993435501001642e+00
-9.978920080029850226e+01
-9.905820076703165000e+01
-1.790306527089814495e+02
-2.111442345511033238e+02
-2.930147025744134908e+02
-1.428677502224453804e+02
-9.197432066270657458e+01
-5.543295187989267561e+02
-2.286744269956722633e+02
-3.253639499696932944e+02
-8.315087773242960623e+01
-9.517610677314661416e+01
-2.236970908994317426e+02
1.254454613730632317e+01
-2.341011078308152378e+02
-3.161467827390945331e+02
-1.091910282865351292e+02
1.253266118087783632e+01
-1.611563492122602099e+02
-2.256032303277291930e+02
-1.694114891115826254e+02
-1.329264179720618699e+02
-1.657141316633258725e+02
-1.188404926520618403e+02
-9.228887580856716966e+01
-6.890704184444470570e+01
-8.873093290025164492e+01
1.189628778200699877e+01
-8.611438272802905658e+01
-2.070038966201134372e+02
-1.123625086889302196e+02
1.251552736457642823e+01
9.683240169527426389e+00
-4.709204026784917829e+01
-7.200921188195054867e+01
1.134475146042723281e+01
1.235764650417112520e+01
-1.043524046975019814e+02
1.246551444067601366e+01
-7.425655855906207137e+01
1.244944333369018352e+01
-6.559278256465826473e+01
-5.007665760583553549e+01
-2.543667101763227834e+02
-2.623771460401863820e+01
-1.026552978639442060e+01
1.256765770019291750e+01
1.206857050903364303e+01
5.776990089413686746e+00
1.250940157494675731e+01
-1.016990578602825082e+02
-2.305154346694572212e+02
1.255986261879367660e+01
1.232788555182543888e+01
7.197360769187863383e+00
3.322515789031232458e+00
9.734594439539435484e+00
1.215717556956566803e+01
-3.139909176639829269e+01
1.256549568807940886e+01
1.220707434991150997e+01
1.249454433242025075e+01
-9.335879778434911458e+00
1.235641301154215554e+01
1.033960246342810940e+01
9.667031591706150451e+00
1.058218057573677662e+01
1.157194451368153665e+01
1.243385725195082969e+01
-1.025386119405176544e+02
1.230819687200057544e+01
1.725925955679549872e+00
1.244425104051138931e+01
1.093530497842823479e+01
1.166808240954099318e+01
1.209099888516125709e+01
1.233961746156335515e+01
1.229079507100236768e+01
9.300428521918661318e+00
1.030531157621721405e+01
1.246487777040131029e+01
1.234793770467360474e+01
1.233103243945082284e+01
1.198252373490655209e+01
5.372064026273308812e+00
1.257204976816750808e+01
1.217903858326806876e+01
1.183635301657902161e+01
1.057947066705694183e+01
8.912482267764231025e+00
1.214849531368530933e+01
1.253425444983778902e+01
1.255221552943419816e+01
4.132451372842950832e+00
1.212323501436399198e+01
-1.215350797105290752e+02
1.139884745184535753e+01
1.124548810108188235e+01
7.720076437935837532e+00
4.980568493259804441e+00
1.242972869952530957e+01
1.176114863232306007e+01
8.438557278133885120e+00
1.180719468008103235e+01
1.205166384526576984e+01
9.218279160936019068e+00
-1.000114937223277423e+01
1.198345135026730013e+01
7.870239674242371031e+00
9.722476089422748657e+00
-9.593735035177311943e+01
7.716679138684769512e+00
9.399678563326247627e+00
1.023648175805231730e+01
9.207424375558094454e+00
4.459994606153660612e+00
8.833371984022605261e+00
1.021336048439103017e+01
5.484792314742682251e+00
