-1.163397615133222587e+02
-4.848725244689092051e+02
-2.399144276410958128e+02
-1.274244023272008093e+02
-7.823925988893876138e+01
-9.171372349890042130e+01
-1.159593333925884053e+02
-1.755363876912061585e+02
-1.218894764301767992e+02
1.232632966005245478e+01
-7.528022820727485964e+01
-9.372075112416065679e+01
1.257122237982129676e+01
-1.324218477528767437e+02
-1.993319950661550877e+02
-1.503821471332220483e+02
-9.699043141813231728e+01
9.553207603876973764e+00
1.111928945326521401e+01
-1.465208479598526026e+02
-3.665473352256618966e+00
1.245937748993910432e+01
1.013321166545654961e+01
6.385549638156481578e+00
3.749285483001335351e+00
8.085830178253917921e+00
-2.718374579983128925e+01
1.246745509696389931e+01
-3.240618217453007333e+01
5.087917506135486434e+00
1.250754829397734191e+01
1.254832003605806001e+01
-2.047399858095200216e+02
1.007100148179554822e+01
1.195645820554732452e+01
1.156850818571499317e+01
1.144061169933909561e+01
1.254415646638273785e+01
9.471591088215880916e+00
1.102038409616807080e+01
1.068986162756113245e+01
1.208964344966129190e+01
-1.135191171021468790e+02
1.177715213283074114e+01
1.232984334548823213e+01
-1.578524050814614910e+01
1.253215306734166568e+01
1.249258677203085988e+01
5.660774263652948335e+00
1.082849219182790002e+01
1.203168153513795069e+01
6.163787579003287220e+00
1.252937339441622555e+01
1.070071922110307838e+01
1.066618314167037340e+01
3.767026084524907503e+00
1.121979018414507578e+01
1.251773910659689903e+01
5.245599920647414649e-02
8.996686841987855843e+00
1.101916798125606967e+01
1.220642979942315165e+01
7.082192065622085586e+00
4.229957353946321774e+00
6.699829125360649229e+00
8.326366624973736918e+00
1.153731930933873251e+01
1.025315189709459318e+01
4.294745518256961603e+00
1.040310525013481069e+01
6.195104588093039766e+00
7.487446248706944196e+00
1.166424240719473282e+01
9.093361971035321289e+00
1.178422919927889012e+01
4.072212132074433555e+00
2.456074483915022810e+00
8.434358894028958886e+00
1.233208683358670044e+01
1.236689349991048914e+01
4.115468026739897311e+00
9.441338548433456879e+00
9.616813606677933279e+00
1.190112183445189764e+01
1.247394887325904378e+01
1.124112231953662544e+01
9.272804444871937335e+00
1.104655354350581220e+01
1.205176625977169280e+01
9.774506956810867564e+00
1.120009537880898876e+01
9.946451847103993771e+00
1.188574904220441120e+01
4.924843936649157428e+00
1.240348705835106813e+01
1.254503283057787399e+01
9.649760940659065866e+00
1.545162862539376292e+00
1.164753618467390339e+01
1.036560746068243510e+01
8.202964066839925295e+00
1.232448602158342155e+01
1.221954401902617171e+01
1.239768319268740626e+01
8.572122102511260167e+00
1.246294847204919520e+01
1.243022068358962429e+01
6.878994310760047526e+00
1.240246079049594030e+01
1.208716696805062440e+01
7.799745052648794363e+00
7.198025213095243124e+00
1.164572434843358373e+01
9.689868830264472876e+00
1.031373088730753551e+01
8.716756832009307843e+00
1.255975583232635628e+01
1.249513273047031880e+01
1.098085106925338827e+01
9.937730937775004492e+00
