-1.568761334122026483e+02
-1.320880262074601319e+02
-3.545343045052734396e+02
-2.214204365339740832e+02
-2.444193122905316784e+02
-3.371140313867692271e+02
-3.600909822660683517e+02
-3.693300955450665697e+02
-1.640185621869183592e+02
-1.677614360356144516e+02
-1.296782500948037864e+02
-1.611436782593305850e+02
-2.051127135105852233e+02
-1.773885468644153036e+02
-3.990337799276485384e+02
-2.225054901938873115e+02
-1.637180585081700315e+02
-1.708884606198218705e+02
-1.696434565888746420e+02
-1.728979441243340887e+02
-1.931493225064309058e+02
-2.110846264368637719e+02
-1.299968130617730822e+02
-1.947650151049872704e+02
1.249735887708401982e+01
-1.281029020946261312e+02
-1.405153293370184997e+02
-1.165134124004472227e+02
-1.682788613961815543e+02
-5.035578234520460938e+00
-2.050583369819739517e+02
-7.491230688635718593e+01
1.244116455199719162e+01
-1.093449954821411723e+02
1.253118770377134794e+01
-8.684078791627185012e+01
1.238047040926819164e+01
-8.910089080372280534e+01
1.155362403005844740e+01
1.223591707194805700e+01
1.065484043821001947e+01
8.410683568916116570e+00
1.254652964336064258e+01
1.256586753771541609e+01
-1.262740021038334675e+02
-1.216711965729062399e+02
-1.190205794286088405e+02
-1.123512252708223969e+02
1.023706018725549249e+01
1.245005845254637933e+01
1.186587536798546516e+01
1.246581904127437213e+01
-2.778922215822251474e+01
-3.118577601506293107e+01
-1.216787720963341712e+02
-1.377430117069487778e+02
3.716151050365096964e+00
1.251837526693201852e+01
-2.138278588423005644e+01
-3.240798559862201245e+01
1.224990289151458178e+01
-7.599374992937293882e+01
1.233976788994238660e+01
1.002220945369455762e+01
1.222402533674531533e+01
1.220621988893816123e+01
9.899751940495523428e+00
-3.476985949857187563e-01
1.041418755506037996e+01
-1.246943816496899302e+02
-3.181606503636668748e+00
-4.598869501848508179e-01
1.222166210652260432e+01
1.244531829589339900e+01
1.238450566850286449e+01
1.111753235387120320e+01
1.228344015137255241e+01
1.213562378822308396e+01
1.252458606194396218e+01
1.068458054604055008e+01
1.033327373276166838e+01
8.873826601075315068e+00
1.179612921272418902e+01
1.231761135115802297e+01
1.182200575915528518e+01
1.184878939466714343e+01
2.056377760099366014e+00
1.244105352752614380e+01
1.249261130748565840e+01
1.245565960381997073e+01
1.105194681887877017e+01
1.252911537439146628e+01
-1.393546201042269139e+01
1.246356959216704219e+01
1.234791364409342052e+01
1.228920255360782576e+01
1.172030502954388886e+01
1.009791930369628510e+01
-5.575948718866818865e-02
-5.789349459789008279e-01
1.943256403655526654e+00
1.040722501105449638e+01
1.253756082826257590e+01
1.243656239868704816e+01
1.013586854836553286e+01
5.208225661915580673e+00
3.387185976972165946e+00
1.170080974766650428e+01
1.234205221495700933e+01
8.930264918071205926e+00
1.126724969033647028e+01
-3.984172707602888863e+02
1.134012265647814921e+01
1.146028011571100436e+01
1.012197564627261315e+01
1.192073524474812096e+01
1.143515305823695627e+01
1.167008982435728903e+01
1.114650849668058896e+01
1.255889267296087475e+01
