-2.085895441278496492e+02
-2.199658297170724381e+02
-2.445230821994360610e+02
-2.517937652719941752e+02
-2.949307900011975221e+02
-2.770036130505347955e+02
-1.000543389253983264e+02
-8.053783514254719478e+01
-2.812272119975071973e+02
-8.153088214039190973e+01
-1.400267349517906439e+02
-1.137124925274294043e+02
-2.043760207247030962e+02
-5.815498120741531807e+01
-1.752082132829387149e+02
-4.510520973922977817e+01
-8.787925225713016175e+01
1.253013904151716673e+01
1.253062023621883370e+01
-1.712574817428922813e+00
1.255025053108317401e+01
-2.673594733395399103e+01
-3.856000953662538677e+01
-1.554063074325462779e+01
-2.243550581301736457e-01
-7.890636701504998030e+01
1.093573191250696119e+01
-3.068710784607281994e+01
1.012099048250381372e+01
1.111596740178605636e+01
-2.836118174305186557e+01
1.197698550727245248e+01
1.076786589909035285e+01
5.903372888421001718e+00
1.107894636937036914e+01
1.608520330871980875e+00
9.879044721208741109e+00
1.057422152949559901e+01
4.785973773275186360e+00
1.893327372706171019e+00
1.247018719302894318e+01
1.210835665888912693e+01
1.151653831815211149e+01
1.079679158334371536e+01
1.237371614612415982e+01
9.163916999414972508e+00
6.564966718840985038e+00
4.893848927180187047e+00
8.737358132295788948e+00
8.073637006054948273e+00
1.206083599828495423e+01
1.254862923104067463e+01
1.163216909823499101e+01
9.477451022493227129e+00
1.205069628120634739e+01
1.114280251345987693e+01
1.240485978038589820e+01
6.909873537378766528e+00
1.238065531609770531e+01
1.249917805816430771e+01
1.137296945600434839e+01
9.961351124245904742e+00
1.229577691333844669e+01
1.113441446440910632e+01
1.081691276896058795e+01
1.196365294767834264e+01
9.072766952048674227e+00
1.001986590526550103e+01
1.249690113113310019e+01
6.796653546578610872e+00
1.048598301528138776e+01
9.200605682325884160e+00
1.196011226027207641e+01
1.100293158611663280e+01
1.000561915750907716e+01
8.213757083708934204e+00
1.257511426648530417e+01
1.226049005029139138e+01
1.248597994531542632e+01
6.543381983664120938e+00
1.253853806029525231e+01
1.024645433485765800e+01
1.127405519508128506e+01
1.203173919320918195e+01
1.125164953102618526e+01
4.773605734401716205e+00
1.082383915057184254e+01
1.119638785266264769e+01
7.653626428892565947e+00
1.140066206459929532e+01
8.956729716836395738e-01
9.539968480873632473e+00
1.108999871140715676e+01
7.055802633836306015e+00
1.129548355359639977e+01
1.220926219204053886e+01
1.253852093317835958e+01
-1.367753365261993359e+01
1.244307302807186844e+01
1.038594833330494183e+01
1.670433959537561464e+00
1.044856594276246398e+01
1.238636587164378788e+01
1.250131562110681038e+01
1.247519020440384985e+01
1.254401907497858737e+01
1.230032027154616969e+01
1.157581454369050533e+01
9.606839671479690423e+00
5.501742821531905747e+00
6.009450113070341715e+00
8.823332097857273126e+00
9.782035425349569380e+00
1.231234829925717378e+01
1.000646622804915253e+01
9.762982717442014291e+00
9.084197608917321531e+00
9.423672739317758840e+00
-2.974355505841896274e+01
-2.247948633017692899e+01
