-1.123487697602489561e+02
-2.516768031568341542e+02
-2.665733607627212223e+02
-1.342063678169656100e+02
-5.476524897965301761e+02
-3.421084684084078731e+02
-2.727882919537645421e+02
-1.794632359039811149e+02
-3.415741899195208475e+02
-2.403930668351306679e+02
-2.609059875731546754e+02
-2.271454684395383481e+02
-1.372284705703113730e+02
1.241541731048996766e+01
-1.361178465804383393e+02
-1.555870079524587482e+02
-1.241356982422630182e+02
-4.046787369124306224e+02
-1.268451495562721192e+02
-1.363010742735629606e+02
-1.378951460277444028e+02
1.248175747395379354e+01
-1.868599668919558781e+02
-5.119611954357353056e+01
-3.647795845354494304e+01
-1.519699023582969488e+00
-2.100144546459710426e+01
-3.901263284018969557e+01
-4.916091983672627208e+01
1.251334345222824851e+01
1.254918634297990820e+01
-3.294558484578770674e+01
-3.305962384865342329e+01
1.232436344692182217e+01
-1.094303150792381985e+02
1.153928064067819648e+01
1.158839182108292576e+01
1.256101942194615795e+01
-2.001480830282297063e+00
-9.325984345789105134e+01
1.243406345982961270e+01
-1.970643967810686803e+01
1.228610160543727936e+01
1.244955365241881040e+01
1.174859748667459414e+01
1.178011965579869624e+01
4.241189471350859108e+00
9.888808059500535208e+00
1.236450621166704877e+01
-6.129368575889778015e+01
1.252916567183419971e+01
3.337526375429904490e+00
2.235315986665588284e+00
9.618393459315406346e+00
1.609665968592853602e+00
1.961471784451529032e+00
-2.638322555897611821e+01
1.250249398532125156e+01
1.137412703639532019e+01
4.879869896712664357e+00
1.015436071543014585e+01
1.202610163708943958e+01
1.193522762697749684e+01
1.232339621979636135e+01
-1.360045073641699958e+02
1.055781878017315378e+01
8.924579098217268580e+00
8.147979643860587373e+00
1.205260215993233430e+01
1.053251911896535375e+01
8.808260185757749383e+00
8.182640740979719496e+00
1.117511421014204487e+01
2.723699741217924242e+00
1.250778308096514024e+01
1.254704278304553178e+01
1.252887867388273335e+01
1.140998618546032617e+01
1.068985868417030360e+01
1.084377776748346633e+01
1.250652979211401394e+01
1.232349251801175249e+01
8.403619448688520066e+00
1.015855674673726305e+01
-1.587395606616161459e+01
-6.044731061625224555e+00
9.231510315981431347e+00
1.099667721147096522e+01
4.756489061489991954e+00
1.065902988258845063e+01
8.309255296157552095e+00
1.242810304891042428e+01
9.834917450084693868e+00
1.239993815118951126e+01
-1.660161200212058574e+01
8.308276198166955950e+00
1.250739642359741666e+01
1.656299155558869529e+00
1.232652964298736187e+01
1.215151510916038546e+01
1.235855154046168991e+01
9.259202278586876389e+00
-8.031612244027309089e+01
1.024553544660462734e+01
1.234849245465583323e+01
1.039099245187678378e+01
3.925439327430975567e+00
9.537784995498320484e+00
-1.201052840433217028e+00
9.980204251820136818e+00
6.645371455504058389e+00
1.204806381820053574e+01
1.195568914347408551e+01
1.124848240501276564e+01
-3.066000686091925331e+00
2.534438651849464819e+00
3.328859753336828931e+00
3.642707772802118882e+00
1.242144771256407765e+01
1.124641047736350785e+01
