-2.089233074256248130e+02
-2.077776832544779211e+02
-1.220372193259303231e+02
-7.734232867344998397e+01
-3.660716517075161391e+02
-1.312510311568563850e+02
-5.092023480205236297e+02
-1.247548136520429409e+02
-2.642774768843939910e+02
-3.275940893865358703e+02
-1.948164969868891205e+02
1.189148056399585762e+01
-7.831150928364932895e+01
-3.052711142728927030e+02
-1.684121589477171881e+02
-1.146122837839924671e+02
-1.384358881691159411e+02
-7.746291651771980469e+01
-1.481905377223927189e+02
-1.023770767129218910e+02
-2.870863369682236339e+02
4.648683575571197935e+00
6.885354209038622386e+00
-3.105398249066780636e+01
-1.014951642280512374e+02
-5.869044450996440787e+01
1.090099717966495163e+01
7.231405962244170205e+00
1.154302682366153654e+01
-3.684343165455071301e+01
1.238445877312474153e+01
-1.099360134270394269e+02
3.595426441020736164e+00
1.253562055137481934e+01
-2.316571706450676160e+01
1.231668601434246924e+01
1.226361726461905022e+01
1.110379185184726580e+01
1.220719781112774704e+01
1.236529545284789755e+01
5.917670085717979589e+00
8.958944229976385287e+00
-1.190824702444416232e+02
6.334034715507439017e+00
1.255490766110356660e+01
-1.325979863717918192e+02
-2.062942801579872310e-01
1.207038441392951000e+01
7.459674193749926019e+00
8.251381822454909809e+00
1.251310705062222262e+01
1.148951556376121808e+01
1.157143702848517464e+01
-1.770986014524691754e+01
1.013228218132286429e+01
-2.680175939010080555e+00
-5.670211272909295985e+01
1.110893460507625363e+01
9.967042988195874642e+00
-9.981448952645682482e+01
1.110679631162443037e+01
8.583055348736099432e+00
2.136822646715721419e-01
7.444341399919069069e+00
1.255544545677865820e+01
1.242158275801819478e+01
1.227221169791562261e+01
1.214644113922780022e+01
1.071620131303195933e+01
1.210953146338331976e+01
5.014542778852709048e+00
-1.744045474911658857e+02
1.221582516695040610e+01
8.984995046768160520e+00
-5.292226985480393608e+01
1.082688640100446698e+01
1.250411066244512526e+01
1.225438907017721846e+01
-4.560771389197057601e+00
1.183215152818263860e+01
-6.479366164827727204e+00
9.810863183987391878e+00
7.107318509635167203e+00
8.067738884772923669e+00
1.248722364601222523e+01
1.086454228225473173e+01
1.252378168832636263e+01
1.142817444823388584e+01
1.250915778899864250e+01
1.241489124292669821e+01
9.628239067158494535e+00
1.211019014640941727e+01
9.334768000059423088e+00
1.250880614005952296e+01
1.243612568668330454e+01
1.248300538659938219e+01
1.022368458615887121e+01
1.097338883234492002e+01
1.014265154394550095e+01
1.125371334796944467e+01
1.246993288452907933e+01
1.256749192904102941e+01
1.100626772368509876e+01
8.562475527852074109e+00
5.708547334714156207e+00
1.205955932655866647e+01
1.213093955354765896e+01
1.197034492400648631e+01
1.243921371773830131e+01
7.675699864066624301e+00
8.905344598914020082e+00
7.416507543151771742e+00
1.012569143281792350e+01
1.007126914104948412e+01
5.768909769132880783e+00
8.671234854670483827e+00
1.217892213136770962e+01
1.251548727296423102e+01
8.060654815976100451e+00
1.077533029315299018e+01
