-1.676948853495746903e+02
-2.486281941653517151e+02
-3.541936345595578928e+02
1.250231492255894139e+01
1.254411097087839444e+01
-8.245479897082991272e+01
-1.243155408834786755e+02
-1.200309431479641802e+02
-2.349285309228186804e+02
-3.101224194395036307e+02
-8.861401851539069696e+01
-2.972269868335247338e+02
1.257751551845732862e+01
-4.703028429527869037e+00
-1.443572741441766993e+02
-1.206030973138588251e+02
-1.213235127178048032e+02
-6.162550309363612655e+01
1.250226798090314517e+01
-8.557411583065540128e+01
-1.377153447557083439e+02
-8.869558287126700691e+01
-1.279410590888569459e+02
-6.547017585788861993e+01
1.258441192267502196e+01
-1.847624790610682055e+02
-5.135993963535884177e+02
-1.515453896259678572e+02
-2.459534878779585654e+01
-7.722768101950077835e+01
1.258270298874562343e+01
1.243080187747477616e+01
-3.408083217442912627e+01
1.255638419007840234e+01
-1.090474976221753423e+01
1.256181563613983165e+01
-3.349252684704244842e+01
1.172703097747411505e+01
1.053846453215681045e+01
-3.799124959061117579e+00
1.012425519686037489e+01
1.245774769379587532e+01
8.602613490287636111e+00
1.233728225937340639e+01
1.257950719599798362e+01
-2.906846975129292900e+02
-1.784634648100774825e+02
-2.312720786790941361e+02
8.124712493724601359e+00
1.184111704741955684e+01
-2.055241843446809753e+02
-3.067400777283605606e+00
-2.792557824630609531e+00
9.269194366242892613e+00
-1.017323305565306768e+01
-4.446754438296255785e+01
1.255325664960207988e+01
-2.738399815190528130e+01
1.238297023035002908e+01
-2.535955326525980524e+01
-3.419043967515583660e+01
3.649546859204052751e+00
3.198924420962228510e+00
5.177567365594400783e+00
1.256069245958598479e+01
1.281615041849720527e+00
-1.304471456650567518e+00
4.620225558646470887e+00
5.929818024982665747e+00
1.241260366139150584e+01
-1.575368735079694993e+01
1.028749851223290257e+01
1.166132966593520948e+01
2.628556430129382449e+00
1.033953850742233271e+01
8.593136990863214919e+00
1.254247996717130853e+01
8.404152859475527038e+00
1.039711029331848735e+01
1.239994713623588041e+01
1.164416986879290050e+01
1.124013985989442155e+01
1.214220482781396626e+01
8.367888994062489871e+00
1.110226579724583118e+01
1.100734204802450655e+01
1.100765859301926142e+01
6.505268577992527668e+00
1.232411341833785556e+01
1.245420161623545496e+01
7.160541414987568132e+00
-4.277233229916848956e+00
1.153023969677833094e+01
1.218705901313995454e+01
8.652078909295376263e+00
1.222961971812875959e+01
1.142200536980902470e+01
1.198251785529591018e+01
1.249397107887509861e+01
1.144563746428010020e+01
1.193253812982820072e+01
1.251514581665827386e+01
7.191047576323940760e+00
8.776283334311237638e+00
1.256968519252810879e+01
1.243773155510014661e+01
1.218591023764315473e+01
1.165962932077635728e+01
1.153510276596626483e+01
1.257563734994619686e+01
1.116311610892223349e+01
1.050744154920003304e+01
6.579673531556585075e+00
-1.773229360857250470e+00
1.039214668136166253e+01
1.243446390659215695e+01
1.254905567482769513e+01
1.025547110137422813e+01
1.227700559180821038e+01
8.553240903250195259e+00
