-8.293472320398876718e+01
-3.575802561332167784e+02
-1.133318067984554176e+02
-4.782759154855531278e+02
6.711885494797204643e+00
-2.195841764039211910e+02
-1.368220442469062164e+02
1.255976480223866609e+01
-1.475424697345222285e+02
-2.017791470571303591e+02
-1.815414813607417273e+02
-1.112454490646823757e+02
-1.003489745564118181e+02
-1.746999750732664580e+01
-1.874977788849150500e+02
-9.480228877709649282e+01
-1.615170174660797784e+02
-8.558170410920210713e+01
-1.661722813123724620e+02
-2.851103947837711985e+02
-1.834761432283511340e+02
-1.670855425648330197e+02
-4.706473422645699856e+01
1.248317264151058836e+01
-6.849377408298865078e+01
1.254473653569420755e+01
1.258186927632762497e+01
-2.925198499401460595e+01
-1.319482386886726601e+02
-4.621275465999168119e+01
1.235402033321235393e+01
-2.390993354373970305e+02
6.037817228929071689e+00
-3.225395220195728285e+01
1.214982496462372019e+01
1.222919798696584159e+01
1.208879259938908035e+01
1.236891424075231072e+01
1.176729505137009468e+01
7.377299539157515795e-01
1.220402367319632653e+01
1.218448535735428173e+01
1.256657500921362214e+01
1.161175407309350760e+01
1.002883866261458756e+01
1.135599677432893806e+01
1.234603698480637135e+01
1.056745781001890450e+01
-2.939638906803424447e+02
1.236057355212971309e+01
3.464057391111650119e+00
8.142062417783478168e+00
6.429643805115540900e+00
8.661153139394299316e+00
1.228489774717105121e+01
-9.678465658853706088e+01
9.457358964443589144e+00
1.014460331621506839e+01
8.457434772748282370e+00
1.026326066645336965e+01
1.178320158529669115e+01
1.173425846843006148e+01
1.029652228300929195e+01
-1.829103495005180946e+02
-1.208459160980009415e+02
1.219700496899337239e+01
1.023450724449130256e+01
1.150428332550017885e+01
8.664600121987886538e+00
9.787525320998479827e+00
1.133774558512267383e+01
1.238494623897086910e+01
1.229129205542112757e+01
1.251857443848346207e+01
1.060881593969615189e+01
1.254529899608438370e+01
1.232455338045212656e+01
1.257805367685329045e+01
1.151951129681810393e+01
1.033685488992931845e+01
1.251068825594287759e+01
1.229631124314012780e+01
1.089358344753360797e+01
1.247448590598570206e+01
1.257628493511498746e+01
1.250917551370099901e+01
1.135851777088105408e+01
1.255114901755064594e+01
8.833656896735513797e+00
1.146729861867793687e+01
1.163963399825129308e+01
1.233139265158398601e+01
1.245085780955264099e+01
1.255552750387893468e+01
1.198002687872949856e+01
1.125313346576457896e+01
4.761752688397299593e+00
6.329965797568824826e+00
1.055901350099395408e+01
1.105703592598175078e+01
1.249957187006077497e+01
