-1.139144529240764854e+02
-1.157780416635358165e+02
-1.537466786534288303e+02
-2.206504102060317507e+02
-9.554378284267677657e+01
-1.563301133803659297e+02
-1.048018119283677407e+02
1.241631355631425748e+01
-2.394355337755289383e+02
-1.275923727368607530e+02
-2.238601052108289196e+02
1.257950344335702297e+01
1.222096232754462619e+01
-4.419479011540946090e+02
-1.105565557196751598e+02
-8.580708721462222854e+01
-3.277300351869744759e+02
-1.663175599915851137e+02
-9.036317270369386279e+01
1.232087971635665724e+01
-8.523175045046311027e+01
-1.983130415800640947e+02
-3.752686853397239730e+00
-3.236588261152065797e+02
-2.235191911333316739e+00
-2.105327166244919113e-02
-8.424236699070803525e+00
1.054653624404464196e+01
1.254426763228067543e+01
1.244746160965186377e+01
1.030625555387341663e+01
1.140112913637049985e+01
5.679473866349566080e+00
-3.922695987828110020e+01
6.501759070473736912e+00
1.083069567511747522e+01
9.434771357864452312e+00
1.072701612340914323e+01
1.005137567152548783e+01
8.481686292900516122e+00
1.252678231577872481e+01
1.040043715561383486e+01
1.050196687840412935e+01
4.300805945123487462e+00
1.232331660537261619e+01
1.172859120488798901e+01
-8.986605661911825393e+01
3.792929559000727480e+00
1.041330176557322496e+01
1.180006350263395731e+01
1.214010002845505198e+01
1.255089471925910871e+01
9.556575042587173385e+00
1.234325711797794334e+01
1.227270276020179374e+01
-1.588236605872329044e+01
1.257066100139694953e+01
1.182899877622931584e+01
6.845601493839474472e+00
1.243621153974580729e+01
1.237666255853991792e+01
1.253699081350955069e+01
1.233008710832989507e+01
9.339518229948199135e+00
9.997663837472135384e+00
1.255783256864686059e+01
1.254770433324171464e+01
1.212322202351937861e+01
8.127293669151953281e+00
1.100825034432721949e+01
7.514566176528110653e+00
2.937888904295490988e+00
6.985415611499195876e+00
1.163929317638159944e+01
1.061616166053964605e+01
1.250257992809544128e+01
1.220967078830333996e+01
1.172951889854053142e+01
-8.602832771887513275e+01
2.618006810615456814e+00
1.241029318352407174e+01
1.199758266575999244e+01
-7.454063499282864313e+01
7.878560112566358242e+00
1.145669011481903432e+01
1.107807026780769633e+01
1.257511758431504312e+01
1.058399001614746737e+01
6.756322513052275269e+00
1.233508463060216975e+01
1.250937570989248293e+01
1.239944312089743406e+01
-7.082478497637561077e+01
1.248042670805949150e+01
1.278693980563508248e+00
1.218359945372654352e+01
9.955601763446765062e+00
8.761117124006158718e+00
