-8.425555646517834418e+01
-3.076481783806403882e+02
-2.365482095171256560e+02
-1.764978456031815597e+02
-3.143049934557318466e+02
-1.211290552301624928e+02
-1.467923096263914431e+02
-1.553690603422748211e+02
-1.584919386076053343e+02
-9.182234198793965163e+01
-1.936468535098249504e+02
-1.291350436957509942e+02
-1.278028752638288950e+02
-1.037736831191093927e+02
-1.266744651347204353e+02
1.241153952855484199e+01
-4.234271910076775924e+01
-1.667309905620740835e+02
-3.430374289058398318e+01
-1.204794375951751562e+02
1.010464146609649383e+01
-1.256714760932971302e+02
-1.184057937134997047e+02
-1.057187738515894182e+02
-1.101960063185003946e+02
-7.486257143416403892e+01
2.053271590880653363e+00
1.225568731625250507e+01
9.833507081215547174e+00
-1.075769038346058863e+02
-5.257834943705455544e+01
1.236772093263642702e+01
-3.215900824459378526e+01
-2.734980324086579628e+01
1.096610673948171844e+01
-1.628984632651142306e+01
1.252446502992907362e+01
1.060956967440446519e+01
1.227031011958299267e+01
1.244261314447918920e+01
1.106613000773802113e+01
1.128547011615837903e+01
4.257326777164832876e+00
1.256013729804724832e+01
1.108208197859712207e+01
1.012420922561337377e+01
9.093953214952506414e+00
1.254128085938490145e+01
1.253829098264687048e+01
1.215826685316789657e+01
-4.216209862919540683e+02
1.248316454544080933e+01
8.472034260685347817e+00
1.137038988518380300e+01
7.107899501256244257e+00
1.248954080183978554e+01
1.152823744801942496e+01
1.047759760592780687e+01
-1.185859170237747051e+01
2.312354007149037827e+00
1.178525645250779874e+01
1.214937866186837212e+01
8.430775222794746782e+00
1.222145043324531777e+01
9.641541885728411643e+00
7.215602877411742000e+00
1.246731849765997069e+01
1.090350792086650245e+01
5.111740009384021732e+00
1.145553191025283368e+01
1.199720589702199902e+01
1.009432803998253547e+01
1.199552139700756470e+01
1.129040303879214235e+01
6.616104781480451891e-01
1.034326390910141491e+01
-6.342609892850685327e+00
1.143198232269788939e+01
7.414399984279963718e+00
9.618599177802918732e+00
1.106764379924804942e+01
1.243291179670544366e+01
4.847664967205956188e+00
-4.844998170387295744e+01
1.232260193035246765e+01
1.253239624076359249e+01
-1.480570878516008548e+00
1.148018552801405612e+01
1.209118901559554260e+01
1.250312461600570479e+01
1.152090826489791020e+01
1.013826313616205610e+01
1.241021975240324338e+01
5.989395227285291057e+00
1.110268576959009046e+01
1.217535629673627895e+01
1.052188823404872764e+01
1.208640262766644824e+01
-1.131680773526809602e+01
1.101671265912326092e+01
1.201686071228925101e+01
9.410150038322179000e+00
1.201374075415713349e+01
1.191958032850287097e+01
1.051406845124243894e+01
1.102062363686042090e+01
7.280836045941638801e+00
1.183867334128632720e+01
1.055415258984612237e+01
5.876391673892433332e+00
1.130819563804721639e+01
1.227478553209095757e+01
9.793122579528219518e+00
1.105780721873072991e+01
1.237667397350637621e+01
-1.213598256174309142e+01
-8.613547838190665118e+01
-1.128427258677791833e+01
8.708750118719260414e+00
9.913420776600132100e+00
