-1.938874967155071261e+02
-5.397824258157265831e+02
-1.706217651427509452e+02
-3.476814814651000916e+02
-1.015283759239528223e+02
-2.133287330811484424e+02
-8.178649153404714411e+01
-3.399959622708439042e+02
-2.209326343672640292e+02
-1.722796353982048174e+02
-1.601376543315430467e+02
1.223661493410356016e+01
1.237786878018880010e+01
-1.902509749934993977e+02
-1.208391679450837017e+02
-2.554349428363789229e+02
-1.623489662568327390e+02
-1.123941714820124105e+02
-1.496087308289386328e+02
-1.078162540795162982e+02
-2.169291131571544611e+02
-9.707811954189362780e+01
-1.066617983578259583e+02
-4.071082260188812540e+01
-9.120658154426118358e+01
-6.010248035245460585e+00
-9.478657073286653656e+01
1.246133135217734278e+01
-2.089771533082765131e+01
1.251988026239231111e+01
6.517404511907546549e+00
1.253957189606190958e+01
1.198864541703869335e+01
-1.239093130439329116e+00
-7.077840171820561466e+00
1.143686684432311651e+01
1.239458622483434169e+01
1.077128704173741802e+01
8.679071861167912516e+00
7.380584490544927156e+00
9.027120412190978271e+00
7.850800995876120680e+00
-1.885827908615093804e+02
1.238222056110976688e+01
8.331395337551207092e+00
1.144993848438424422e+01
-1.290267507978474626e+01
7.662555575576295297e+00
1.239235227848009657e+01
9.021598871999120917e+00
1.013215288879101550e+01
1.167176057144474299e+01
6.980526386467003519e+00
1.164232553884131249e+01
1.243688816319511403e+01
-2.079153847891319629e+01
6.395238994238594543e+00
1.108515117317945098e+01
8.233337201198132504e+00
1.228141874927674060e+01
8.174568823333832057e+00
1.245858509908631362e+01
1.208802581457763203e+01
-1.373548235838192966e+01
1.076495663061751529e+01
1.229889523898478743e+01
8.696943029376274836e+00
1.235422563592680056e+01
5.499307999722487850e+00
6.956931208796580890e+00
3.608839265493879012e+00
1.253564723702540817e+01
9.486477042144398908e+00
1.255279759039605025e+01
1.224528425493343775e+01
8.350664223979578082e+00
7.490556289601789430e+00
1.253723524216530194e+01
1.247544089455767491e+01
7.736331928232416111e+00
1.235114338680968515e+01
1.098584624296494283e+01
1.253183607722838744e+01
1.253702146479049162e+01
1.051609454157427948e+01
1.050703505102080726e+01
-1.147036613093101920e+01
1.191266432877624837e+01
1.200935748303831474e+01
1.118606057835709322e+01
1.375806002674847761e+00
1.072927887644907052e+01
8.804657135450856487e+00
1.251976895711483451e+01
1.064325072199185129e+01
1.255377222014664440e+01
4.138490686584169964e+00
1.219075428715889764e+01
-1.832836845175975782e+00
8.275123476016155166e+00
1.258024210807061216e+01
3.717580455644977633e+00
9.896385483389625648e+00
1.546069119806947612e+00
1.086090173945208903e+01
1.177811295148038440e+01
1.059288842116237106e+01
9.783325753024298521e+00
4.730640246948773608e+00
1.256225439136585287e+01
1.248226424782943411e+01
1.248236453546064695e+01
1.215859619939781489e+01
1.257099245534038445e+01
1.251652434300762629e+01
1.213067146947906139e+01
1.220186476806365228e+01
1.047632162386397781e+01
8.945098714449033039e+00
1.030159720672508783e+01
