-2.669335745706205785e+02
-2.850732866024195573e+02
1.246234109227851938e+01
-1.917302601782987779e+02
-4.012350825872215978e+02
-1.867253122550488058e+02
-4.931637525978317171e+02
-1.535355331895615905e+02
-1.529225967561386028e+02
-1.624136403154691379e+02
-1.310616405537076048e+02
-2.599117792253771881e+02
-1.780527605174961820e+02
-5.477109637055212943e+01
-1.148530812037644466e+02
1.884269534712037952e+00
9.079806852984425802e+00
-6.204019512181859852e+01
-3.938335970450431773e+02
-6.258229796697442282e+01
-8.161673003309181240e+01
5.662415317965745487e-01
-2.510181871807332072e+02
-1.650366912774984840e+01
1.220518053469011122e+01
1.147618185855100492e+01
-1.151331269480631789e+02
1.044076753314406858e+01
5.126092620757138008e+00
1.242719075622922098e+01
-1.236903014894906505e+01
8.476441212803297987e+00
-2.545650702977104061e+02
-1.878767134029694716e+02
1.240993634118482092e+01
1.206597355594491638e+01
9.879928854428488449e+00
7.060627046605968182e+00
1.233255975610256883e+01
6.880270000907056982e+00
1.089933112887172229e+01
1.249218792802167499e+01
1.237518036145275779e+01
1.244297966247925658e+01
1.167459237977086950e+01
1.201804539767950075e+01
1.214034835562703663e+01
1.061378124350587804e+01
7.397395784964505339e+00
1.089359818298981075e+01
1.188906940897927811e+01
6.017549038602329148e+00
1.051865727278859097e+01
1.124408919701625464e+01
1.252907543644196942e+01
1.069565481947595487e+01
1.250639841232508509e+01
1.003526980432015137e+01
9.103792473260131857e+00
6.044197105062631081e+00
1.062299104914209025e+01
1.072237044366801229e+01
1.140860173266047539e+01
8.388391933614265383e+00
8.254262992278157185e+00
4.705085069616920634e+00
9.279389276023058741e+00
9.273193177367842210e+00
-1.179232599149131744e+02
6.397354813957072395e+00
1.240370548757934621e+01
1.199525323719618797e+01
-8.760139643135993026e+01
7.683129597981277037e+00
9.763426872307981341e+00
1.188412941203126749e+01
1.192177905712819275e+01
1.241920878468157241e+01
7.752036755298087556e+00
1.175330341874939677e+01
1.207565482290127790e+01
1.158305714633113936e+01
1.248270937139203518e+01
-1.777077279395875564e-01
5.956724508360522918e+00
8.246599222424780606e+00
1.227881398699666349e+01
1.255915975607225477e+01
1.217412023165472945e+01
1.042728219752971874e+01
1.196774320085329180e+01
1.010085467937321901e+01
1.070375475993039771e+01
1.113628364515863289e+01
5.540233637521863486e+00
1.201864219564628300e+01
1.195839620912903811e+01
-2.646616676862190047e+02
1.012919047193803124e+01
1.248634187756817404e+01
1.166533437311966281e+01
8.419137146312536402e+00
1.239937014576067043e+01
1.024311376881207991e+01
1.236281634910163518e+01
9.850275699069394264e+00
1.219842420019381279e+01
8.856120482642623415e+00
1.243210442756264733e+01
8.899596688806170164e+00
1.802568234091650012e+00
7.503629885024905022e+00
8.466776981354930953e+00
9.599321930921520973e+00
1.236873324593195278e+01
1.203677989237195156e+01
9.426094971762402963e+00
3.753871784327829531e+00
7.820345780058595153e-01
1.104443038853960246e+01
