-1.835406660320859089e+02
-3.914598351683839610e+02
-1.314938510796197306e+02
-2.631605265200573740e+02
-3.849089643622895665e+02
-1.633283311020750261e+02
-8.954272726364509083e+01
-1.522325648684725650e+02
-1.561624482973884938e+02
-3.522683713987263445e+02
-1.892511983710446373e+02
-2.088873196330630719e+02
-4.047706647335273260e+02
-4.679349831431404709e+02
-1.581211915243989381e+02
-1.125490449356630478e+02
-2.284291642899586350e+02
-1.523221436939115563e+02
-1.004184235251507857e+02
-8.839376842282926816e+01
-1.269485903409840688e+02
-9.334283099856827448e+01
-1.073767850336293748e+02
-9.234506254440030659e+01
-1.006655588350775901e+02
1.239222828880883576e+01
-4.798385005899589828e+01
-1.592764379082107098e+02
-4.094311345667874491e+01
-1.094599448399463455e+02
1.231141822082093640e+01
-5.941767544498507192e+01
1.899620165519406711e+00
1.191238824132846297e+01
-2.065974572715034441e+01
-4.628630618510931782e+01
-3.484183033032150689e+01
1.251025825691021254e+01
-9.189432577705488825e+01
1.168907975108667863e+01
1.252609961785840120e+01
1.161366142239788957e+01
-6.101914446335199926e+01
-1.154465403045247456e+02
1.023572057219745801e+01
1.243752476757620684e+01
1.116925746529525298e+01
-2.340748627194876264e+01
-2.432500904706983391e+01
1.230893347563772089e+01
-8.218854562220059279e+01
-8.920854560014102219e+01
-6.319677414703424034e-01
1.642592766764090939e+00
2.000123387050502188e+00
-7.472383897881485382e+00
1.159177499541505085e+01
1.249510323118157729e+01
5.848857998737347685e+00
1.126609184076540870e+00
1.252157965377535120e+01
1.029042027732372233e+01
1.221468373583776668e+01
1.054733940332815578e+01
1.108850756706166685e+01
1.048671195903974862e+01
1.018758278391706185e+01
1.004807547166968007e+01
7.865767477236378369e+00
1.114570719693095491e+01
1.201260287584289621e+01
1.220144793586878507e+01
-1.834691474460747429e+01
1.122152186872195756e+01
1.025377479686851956e+01
-2.075087365355546609e+01
8.982671328008006384e+00
-1.188627096615469370e+01
-1.436570149401663912e+02
8.486936946583048424e+00
8.382348271034237186e+00
1.198885135474806951e+01
1.212558003824103814e+01
1.210062881553307435e+01
1.236170358389989588e+01
1.201277000581537635e+01
1.251133791295788278e+01
1.208714524513951361e+01
1.149341408898241568e+01
-1.578074195063974905e+01
7.878021162256504617e+00
1.099072882756809122e+01
8.868932773332508290e+00
1.216796836439787910e+01
9.088126286515368690e+00
1.061041046869950932e+01
8.637194764390155655e+00
9.681334448548888361e+00
-2.196448146023525538e+01
1.247753382761628416e+01
4.073706070597854279e+00
1.250675975650677962e+01
5.022276322320605502e+00
1.186081524051014568e+01
1.173039010416436234e+01
1.237450434681286815e+01
-9.424543091184897037e+01
1.227290143991842974e+01
1.221426785362127987e+01
-2.866621782086280490e-01
1.434421801771962990e+00
1.255252062215278563e+01
8.734084292384864057e+00
-3.913479526633736327e-01
1.173438956706979397e+00
9.767509404475550383e+00
1.117502870337234810e+01
1.200298124422527835e+01
1.219105456391207376e+01
6.579767709325091474e+00
