-2.229464412169311345e+02
5.558418348128313369e-03
-1.831116746382000713e+02
-3.143686335326751191e+02
-3.089786105580445792e+02
-1.035468060429800659e+02
-3.132906658132206701e+01
-1.652372861203652477e+01
-3.506269452538544442e+02
-5.061532889788985585e+02
-1.538424755221106466e+02
-1.614934481435085729e+02
1.255598532534650147e+01
-4.499609225591122481e+02
-3.081015420932533289e+02
-9.655663866007168394e+01
-8.797522320348649316e+01
-1.329860871012315897e+02
-1.152456118310137896e+02
1.207745471469791987e+01
8.965789504610985006e+00
-2.543847530904491805e+02
7.373753022355786335e+00
-9.802046432959915023e+01
-3.042539884021913110e+01
1.253930315049272792e+01
-1.054946387051906100e+02
6.416070670143954047e+00
1.163527719591555254e+01
1.252930824829844703e+01
-5.032607228546805800e+01
-1.743739968262376010e+02
1.251797760703574625e+01
1.250647310696578174e+01
7.274718010042254157e+00
1.248295320944818698e+01
8.080426715354214195e+00
1.098969836332369709e+01
1.257215042698694774e+01
-1.148097361469127264e+02
1.221455355389457509e+01
2.295059875151642004e+00
-3.082168976555724527e+00
1.200079822365607640e+01
1.000466727722287708e+01
-1.225623250507660771e+02
-2.093375983702584264e+01
9.914073113041078855e+00
1.249246963277018097e+01
1.254083353144631197e+01
1.228046449344172153e+01
1.254675399753944731e+01
1.128667394893288822e+01
1.216120227531660980e+01
1.248111930888486576e+01
1.221442749077379197e+01
5.715168799364343855e+00
1.120953053566384483e+01
1.214055791693978392e+01
1.176268653832266509e+01
3.774897321089742519e+00
-5.777762174850116850e+01
8.781628605726766068e+00
1.172300419791195303e+01
-1.121601924618758233e+02
1.193835164232632984e+01
1.252056217499795920e+01
1.112425154680756734e+01
1.142625082382169310e+01
1.044686512347250229e+01
1.223516546786102666e+01
1.004803688758415170e+01
7.774708268559632707e+00
6.262948963378587308e+00
9.854945247232576477e+00
1.217960030166048391e+01
6.328929757614625728e+00
-1.479884465268744975e+01
1.236303614963879838e+01
7.202651411675971893e+00
1.199468912150262589e+01
-3.443182380533063025e+01
8.299358066962902569e+00
1.243283206201313362e+01
1.021166548393908613e+01
1.057741921335535196e+01
1.189113001722808605e+01
1.230481584909660242e+01
6.802261024059610861e+00
1.087689848322048292e+01
1.076941998690440805e+01
1.256337462306489172e+01
1.054169800306725335e+01
8.162617876768360148e+00
1.255656444964586882e+01
-1.400066360770364682e+01
1.249167739239375763e+01
6.959437191136556677e+00
1.245661483094293231e+01
1.229087697158857218e+01
1.252824239891366886e+01
1.253737955227558842e+01
9.099360313428446645e+00
1.233733911304186748e+01
8.710556051965411939e+00
1.201411254837657161e+01
1.036901933569706458e+01
-9.864837191531144356e+00
1.250740460724072456e+01
1.159907750619528244e+01
9.842308304471860225e+00
1.251361098656708748e+01
7.763352570261607077e+00
1.225611159909993120e+01
4.304683760286033944e+00
1.222786485020318814e+01
1.250829292946572302e+01
1.127435784905095773e+01
1.158633270592900288e+01
1.236125608004620346e+01
