-2.820102569341528920e+02
-2.369088556156852974e+02
-2.024551903876456720e+02
-2.824277095576730403e+02
-1.575039763690724328e+02
-2.615420461419317917e+02
-2.942660347016766309e+02
-2.847579752874485735e+02
-2.946601316095325842e+02
-2.027255526382060111e+02
-1.625416936619409114e+02
1.255382964112293820e+01
2.351871567039466981e+00
-9.353612988473379630e+01
-3.223794656765500690e+02
-9.480278539806738536e+01
-1.568908787270425194e+02
-2.028332806425263755e+02
-7.441368023554380784e+01
-7.026981089796007041e+01
-1.112170581716355713e+02
-6.288503483935132721e+01
-4.980700395345209586e+00
1.246411435665339873e+01
-2.723338911968488674e+01
-5.486685044122996402e+00
1.240244417916864705e+01
6.211412461838108356e-01
-4.647893413888581904e-01
1.114866491838500195e+01
1.247458440510663635e+01
9.193561475239807379e+00
7.173157645399908411e+00
6.828953476420064561e+00
1.256875667205517644e+01
1.248344073254677866e+01
-2.570245633566757704e+01
1.121964952972612650e+01
-8.338886085883130761e+01
1.243378345253831796e+01
-1.374531669806020240e+01
1.059534369619228045e+01
6.286979963209821776e+00
1.207816596258486008e+01
1.250259976997867462e+01
1.235999752183738920e+01
5.143824192775911186e+00
9.852643251533002910e+00
1.230643648307539983e+01
1.256455887787944192e+01
1.210974392229226559e+01
5.920413714674236161e+00
1.136139010310751019e+01
1.251289353292938422e+01
1.117668021586758798e+01
1.212191163730867061e+01
6.107222891083466720e+00
1.233922908511407002e+01
1.041246578304866688e+01
-1.275187002899758681e+01
1.237632719754348010e+01
1.048579602856548476e+01
1.243420337125562192e+01
1.176384496460302564e+01
-2.384957243756452385e+02
1.217567369844947223e+01
1.234714652444756311e+01
1.187626592271945469e+01
1.078340006408156171e+01
1.120207446388140404e+01
1.226250316415418773e+01
1.016270613013889879e+01
1.190418069364121578e+01
1.084657519175501506e+01
-2.187842723247324273e+02
1.241481785018319428e+01
1.256218049952652294e+01
7.679229364822725223e+00
1.126310981722242488e+01
6.924957053400449425e+00
1.236733106232304280e+01
1.188333643689299102e+01
1.254044315090307649e+01
1.237091467418932034e+01
1.151649343629936162e+01
9.773296207713631389e+00
7.716320949482319058e+00
1.258052660005953349e+01
9.906581097695163152e+00
9.468589763519677405e+00
1.148833145062328143e+01
1.099127244168697537e+01
1.169293067907620909e+01
1.239785094305463531e+01
1.178583196238211706e+01
1.155408460655274006e+01
1.165978843011444788e+01
1.227726080055495572e+01
1.179887312184789394e+01
1.205582939144782806e+01
1.018981451802314808e+01
1.218723205403797927e+01
1.134379875634867574e+01
1.245121336979375215e+01
1.179506350379545410e+01
1.249939522126173586e+01
1.098730211364671305e+01
8.411943584096642113e+00
1.254592181038922050e+01
1.142526903673751981e+01
1.244804764452951495e+01
1.247140401773489593e+01
6.557167855824365787e+00
1.115832678184334448e+01
1.176416491454332380e+01
3.053559528705402926e-01
2.127637015027012524e+00
1.255899341621163501e+01
1.160642961896329162e+01
1.158069863634097807e+01
