-2.300607947323954932e+02
-5.693132623933611285e+02
-1.843870993614077634e+02
-2.486873091337496930e+02
-1.870347207970108911e+02
-1.302028172643786945e+02
-1.709243375218386802e+02
-4.142897931102915550e+02
-2.212454378011460392e+02
-2.825397940120174667e+02
-1.967830787591720707e+02
-2.062751120298286480e+02
-1.060342389773195038e+02
-3.651935871534229818e+02
-4.402797600064462245e+02
-1.015298671728053392e+02
-2.658293782058095758e+02
1.250487690474437308e+01
-2.326687711086436536e+02
-2.198784064000473677e+02
-2.696272785825772758e+02
-6.782747140283339604e+01
-3.554741163295603883e+02
-1.202726303915697059e+02
-1.562396540089953021e+02
-1.312569773275309331e+02
1.195481111354414061e+01
-1.684962538806740895e+02
1.246757213531004105e+01
-9.282726556497139825e+01
-1.702635008154626348e+02
-1.262512150263400628e+02
-1.199096936733894552e+02
1.073234558125069071e+01
-1.776523003297399441e+02
-6.602066272648033873e+01
-1.743204015616735774e+02
-9.179426114392090597e+01
-4.060135501043282602e+01
1.162916397401028590e+01
-5.797845412210712368e+01
1.233796472923197030e+01
1.243019035833228259e+01
-3.341081660075565907e+01
1.166441546956870212e+01
1.250049881989271761e+01
1.147534907977738960e+01
1.168588409855842869e+01
1.076730769559619816e+01
-6.124356458416929883e+00
1.254156967670419753e+01
1.256637473395776539e+01
1.078240300117585626e+01
1.242179584984510043e+01
1.205319902939593746e+01
9.651902572378535439e+00
9.898438770195678416e+00
1.170595340271932905e+01
9.470979982955061161e+00
1.161551525867631796e+01
1.202405056454298204e+01
-2.566421831469899644e+02
1.012166538949450256e+01
9.725371673979081422e+00
1.155453946218996464e+01
1.245287768329302125e+01
1.237155860620925552e+01
8.181239039151360970e+00
1.123561118939496239e+01
1.251310484128707046e+01
-2.499662847823338439e+02
8.060481742654300064e+00
1.107517399528069291e+01
1.194448959033292823e+01
1.170608112157255221e+01
1.204256715656368648e+01
1.040709312307881973e+01
1.133472997251386616e+01
1.059337013167378139e+01
1.186799171552264376e+01
1.253332978775482687e+01
1.141839546084604606e+01
1.157524557544548038e+01
1.248367844917786229e+01
1.070159207607860807e+01
5.813642650781938315e+00
1.227988055652627963e+01
1.243888564850892386e+01
7.071135383320239498e+00
9.716346469802033425e+00
7.427151531466213541e+00
6.828928849768134413e+00
3.650553474951131250e+00
7.232801214572652349e+00
1.052936919795891058e+01
1.116825725344251197e+01
9.044391038919046721e+00
8.487181028478763878e+00
-1.686216174895522357e+01
2.291254735715348545e+00
3.692454754208567280e+00
9.785870600991717794e+00
1.167910288819844844e+01
1.178008974345947379e+01
1.244494008553021480e+01
1.254169390104513226e+01
1.179468368446309512e+01
9.718977935321536421e+00
1.158748291329431623e+01
1.178253827650953411e+01
1.139820341177685492e+01
1.181576741205770276e+01
9.702884550807088004e+00
8.116234497021658001e+00
1.077330072317981902e+01
1.141656630604349232e+01
-2.383280812343885202e+02
-2.173816605600965346e+00
-2.022437461024086645e+02
9.900036868909371179e+00
