-1.092983804494802484e+02
1.222956345217911434e+01
1.106783582246213271e+01
-2.267308324701852769e+02
-2.085835074360731767e+02
-6.110329304197497322e+02
-1.541793951490282382e+02
-1.777235998007913338e+02
-2.957897132294791049e+02
-1.665943733371497615e+02
-1.265512938767583080e+02
-2.321347745065946526e+02
-1.806895659490823220e+02
-1.451900185696322296e+02
1.236047947073064357e+01
-1.242061902609261494e+02
-1.466873333622961582e+02
-1.215743822103157612e+02
-4.693793760487049838e+01
-2.036972296558932385e+02
-1.189360819773366984e+02
-9.606009872920067494e+01
-2.669186964009932694e+02
-1.070789262885097770e+02
-1.986530921094507107e+02
-1.909906545127759898e+02
-2.178070478575949664e+02
-7.171547680199525132e+01
8.991279589196253141e+00
8.179283025014896680e+00
-1.099370232981016215e+00
-9.707940314419367667e+00
1.253381995743569455e+01
2.124878200156238961e+00
3.922550288739648394e+00
-2.652853116907365205e+01
1.254141725259759355e+01
1.184286441541841839e+01
9.525120031514944685e+00
9.671048804564076562e+00
1.249690461736485680e+01
-2.774552129884511942e+00
1.253004249720091678e+01
-9.499978394550048222e+00
-2.820328654977623728e+01
-1.276465075264847684e+02
1.250568104730564656e+01
-8.838014980413990429e+01
1.097678906474331484e+01
7.962261597908994126e+00
1.252229623213985477e+01
1.205216659184550387e+01
9.139355448185463970e+00
1.156496925778292706e+01
1.021710130754877710e+00
1.242956913327019564e+01
1.170431286694834583e+01
1.056388229978284343e+01
7.783751522243917975e+00
1.203118743951738878e+01
1.115563643068770183e+01
1.200869440471327287e+01
9.536155726044070136e+00
1.154372805596424811e+01
1.010651429322830097e+01
1.245628566609748233e+01
1.215876982156735053e+01
1.246660025928364490e+01
1.257442516014966216e+01
1.251063920554438269e+01
1.211752374544263233e+01
1.197133706266230746e+01
1.207801695418406496e+01
1.252942554962454835e+01
1.187078679993865293e+01
1.157427304735688445e+01
9.492341532494730671e+00
-3.910599863432980783e+01
1.231502110470988498e+01
1.085242480623053218e+01
6.260929969236340042e+00
1.155605745777343429e+01
-5.667460952021698972e+00
1.209112237163264680e+01
1.244018103549903209e+01
1.243677747460814764e+01
1.049050131473365610e+01
-3.573321574271317758e+01
1.212328199782908378e+01
5.415573651946258948e+00
1.172098761674205569e+01
3.938119119539162938e+00
1.257548710270023662e+01
1.233926867565604901e+01
1.105229549274310052e+01
1.233321344364063066e+01
1.076235639066856464e+01
1.254285320221748634e+01
1.251192513466191336e+01
1.193248133751576034e+01
8.288721668768442186e+00
1.163242816864238804e+01
1.252871973279434137e+01
1.252958700655512736e+01
9.823145361730595937e+00
1.010511463556379219e+01
1.150585770613238878e+01
1.239135627500152381e+01
1.144783586676366838e+01
1.195609048079036540e+01
9.249488673003124717e+00
8.561113027497629702e+00
1.253754301886179867e+01
1.178571015604063632e+01
1.217928476025430840e+01
1.143122241178721588e+01
1.241899145700981677e+01
1.155404494547941496e+01
2.774917994330508009e+00
1.152664610739218354e+01
