-1.835825896284463568e+02
-1.529429552274177979e+02
-1.846392312889487641e+02
-1.146278633967093583e+02
-2.323951952271250434e+02
-1.111054582752446294e+02
-1.016237599118255162e+02
-1.367848244534235107e+02
-1.695108391185914343e+02
-1.357113933672367239e+02
-1.810247828133435917e+02
-1.928491208838001398e+02
-1.030254150720443391e+02
-1.419482827613408631e+02
1.256318651742878423e+01
-1.141297558907200624e+02
8.759419065756580025e+00
-3.148555588994758381e+01
9.627525930471616533e+00
-2.431018218526040187e+02
-2.105841652073167722e+02
6.077024579331990140e+00
-1.039056344111724428e+02
-3.048158980900847723e+02
-2.450731982633221548e+02
-7.799931856720448309e+01
-2.658942387690620421e+02
1.702896502955931979e+00
1.253677064473115266e+01
8.976280112507470932e+00
1.249464186909581542e+01
-6.433979599597157062e+01
8.057416420819500047e+00
1.071775609149878328e+01
1.147845425869387803e+01
1.256406663786678912e+01
1.247280964781170098e+01
-2.548939157173197998e+02
1.256472324770377647e+01
1.215934315531005439e+01
6.845975310182813800e+00
1.143780577449354396e+01
1.150245682886002996e+01
6.421881418912835926e+00
1.162968570891649556e+01
1.044648632744119610e+01
1.157916186820871651e+01
9.644402314757670069e+00
7.166339917485893274e+00
1.234194554979788272e+01
1.090920659850626961e+01
1.176782760944029604e+01
1.253609256669771099e+01
1.202799282015538829e+01
1.242271189978804102e+01
1.210675546664043978e+01
-1.837575435195383022e+00
1.019479896593262680e+01
1.257242625847127293e+01
1.244717458032805979e+01
1.213327424706556990e+01
-1.366074209940254320e+02
8.984249502161652856e+00
1.242810109295445109e+01
1.177640538642950574e+01
9.813499901622108723e+00
7.566862966678978175e+00
1.256754015103236277e+01
-1.450446038433269536e+01
1.129965480021504831e+01
3.550751557089942168e+00
1.172850566578178366e+01
1.110103096146751689e+01
1.225819246363769643e+01
1.210743579210449639e+01
-1.868196614929993302e+02
1.186414226538189887e+01
9.528556518208761261e+00
1.208164656160658090e+01
1.250089257743862525e+01
1.144971563759879274e+01
1.214871776120205027e+01
1.249165941058547169e+01
1.171478124102549856e+01
1.160179172967466243e+01
1.077996351591659518e+01
9.180784924985571749e+00
1.256568625585208920e+01
9.264101657028970038e+00
1.192046730111164798e+01
1.067079130742562398e+01
7.644276805017767629e+00
1.212950812395803979e+01
-9.437324887063901713e+01
7.318994291624045800e+00
1.036781129587116723e+01
-4.923483628212953533e+01
1.052761771281952718e+01
1.230129797877424913e+01
1.160706932148618620e+01
1.137039277130312342e+01
1.241646545708679383e+01
1.085663349718807424e+01
1.255101187727741774e+01
9.837463489370094294e+00
1.249997693802995613e+01
-1.250803431138825061e+02
-1.508284354537038325e+02
-1.502651181778251299e+00
7.863411838427289524e+00
1.241638280729772426e+01
9.932739993425544256e+00
1.241248141729143661e+01
-3.684042910329960563e+00
-1.834055452094508709e+01
1.037355254982307073e+01
1.231598928433212237e+01
7.784137682613364362e+00
1.237953389636239976e+01
1.161260756394199589e+01
