-2.825349765777490347e+02
-2.862973386156687639e+02
-1.264447710403662910e+02
-2.538741362496845966e+02
-1.932247142881990101e+02
-1.548378928325665527e+02
-1.389652902781035380e+02
-1.063432377979545294e+02
6.211196669014404037e+00
-1.431835666935886593e+02
-2.542257275719019560e+02
-2.351910194107034613e+02
-1.297837154519516218e+02
-1.801503135360657950e+02
-1.223449950545871161e+02
-1.528497900875795210e+02
-5.722133370197539648e+01
-4.375902895377272728e-01
-8.453458149955066858e+01
1.257314785379406175e+01
-3.807781830820150759e+01
1.243706778212070496e+01
-3.549136158330693291e+00
-3.165327058251820347e+01
4.140611153977248549e+00
1.229716633131118542e+01
7.743633784539396991e+00
7.082545431177701190e+00
1.150973929996156464e+01
7.678676067802321370e+00
4.174569976858574449e+00
1.197158617183683482e+01
1.250241083077432691e+01
8.402232442885768648e+00
1.171945070467818084e+01
1.253711240549303696e+01
1.172710342892599478e+01
1.356592260099063196e+00
1.187350157166208042e+01
1.205413834428009778e+01
5.564262005911103870e+00
5.205775325205552306e+00
1.204458501425437689e+01
8.503088386243764063e+00
9.545847538328422033e+00
6.996109912977615863e+00
1.079582707201177172e+01
-4.020928312456764075e+00
8.621068770476934873e+00
1.164908955347522301e+01
1.235002098146963334e+01
1.491703346020161192e+00
1.254695695095033514e+01
1.244451178619745946e+01
1.235775979967258031e+01
5.525559030604719979e+00
1.163688160263256677e+01
9.966871891342208301e+00
1.254026569613377617e+01
7.729973431032923337e+00
5.310726780339672715e+00
7.367218529322114406e+00
9.119244893879262293e+00
9.762114923934444022e+00
1.194269797732406246e+01
1.226798253390634130e+01
1.251250599312582246e+01
1.103794500319191130e+01
8.807482324247500216e+00
6.831989190185998595e+00
-2.414981178671634154e+01
1.208391029003460915e+01
4.474429243433339920e+00
1.206814587353233037e+01
1.079520299946786821e+01
1.229193260870142979e+01
8.055517595808858289e+00
1.222479776290809994e+01
1.187082553512658478e+01
1.171846260695751951e+01
1.250384076837604574e+01
1.026686781432993456e+01
1.253554312321425712e+01
9.739349252268532098e+00
1.245366901756285749e+01
-2.755267414426228356e+00
1.246379144019082652e+01
1.255890714657654073e+01
6.998238485570999146e+00
1.255175301049345471e+01
-9.333501665555397508e+00
1.081886070487584917e+01
1.171587936192104529e+01
1.256885960516479273e+01
1.239964108841742529e+01
1.220064337691730394e+01
1.222389371904588273e+01
1.002395448103142428e+01
1.179098574201382910e+01
1.147132348001218460e+01
1.257861563602548571e+01
1.232207720279713570e+01
1.240865346384313916e+01
8.785507256772932649e+00
1.142450007253937017e+01
1.249881383557164405e+01
1.145834527721918761e+01
1.214414511899447646e+01
1.256468737309974770e+01
1.238959029479130436e+01
1.241567444941890841e+01
1.126427014645579838e+01
1.256423510388423992e+01
5.305385037450896846e+00
6.018150331170479816e+00
-1.454954807047197463e+01
4.691126445780357201e+00
-3.876530597054749450e+00
1.121368263657639197e+01
1.007871496544174050e+01
