-3.742600405796587211e+02
-2.551431608869708896e+02
-1.996057465095439056e+02
-8.595931503461955003e+01
-7.356774351176559890e+01
-2.079292005570478921e+02
-2.017903727030635821e+02
1.248327604127952384e+01
-2.073556217164994848e+02
1.254281832367523997e+01
-1.056653407951107653e+02
1.245390788041403773e+01
-1.501271036960544620e+02
-2.459268402344991102e+02
-2.066127433425054676e+02
1.244834374794299237e+01
6.036738642767424778e+00
-3.380579265984890753e+02
-1.285829793036257911e+02
-1.131683345027678911e+02
-2.102865510755411833e+02
-1.678737694844242583e+02
-2.336342215169737813e+02
-2.141640587562157236e+02
1.235967530831969441e+01
-2.250353375406695307e+02
-8.654147298181773351e+01
-1.768333531696557088e+02
-1.314598098929602372e+02
-9.288915249025377818e+01
7.873953804350120933e+00
-7.983627755404015147e+00
1.252797140999308922e+01
-1.132881091831084461e+02
1.229946279790304864e+01
5.697065643582620353e+00
-9.899831666756536919e+00
-3.182199335871433732e+01
-5.594520619774872472e+00
1.243302768725272145e+01
-2.531159235571422172e+01
-1.587678622778078363e+00
1.244226271406077799e+01
1.244900294309368505e+01
-6.664474948720492620e+00
9.057213085695916988e+00
1.180154087558697995e+01
1.244263803524104617e+01
1.213882084941796791e+01
1.235012289111653416e+01
1.173503504390851582e+01
9.143386176438045965e+00
1.041872302292749453e+01
1.206920202187883007e+01
1.251839623823164693e+01
1.123309263760515364e+01
1.237985305145006087e+01
1.158633387719796737e+01
1.245675692673081869e+01
8.689332782590589943e+00
1.181364419786144104e+01
9.182978304787271284e+00
6.121380378000155886e+00
1.216213436438914286e+01
-2.259227301419500478e+01
-2.049189184316112744e+00
1.165291453305436065e+01
1.236995424744284300e+01
1.253850708916025347e+01
1.123376811995919411e+01
1.215467686354535282e+01
6.747226793460034955e+00
1.118160687942401310e+01
1.183203473336686251e+01
1.134413701697512167e+01
1.233275088659040364e+01
9.561398473703214052e+00
-8.277341047984253919e+01
9.674024342331026816e-01
1.112274037311645891e+01
1.060872317559315903e+01
1.254738708927413526e+01
1.117853314341110327e+01
-1.436486512583462627e+02
1.239219090347826047e+01
9.461769352258835752e+00
4.798565132190102389e+00
1.255693916632829676e+01
1.062258685694137483e+01
9.308600519963913911e+00
