-4.587750091272726536e+02
-1.606810287964153190e+02
-3.466665879323983290e+00
-1.049721973585198356e+02
-2.488409390400089762e+02
-9.256382791888877648e+01
-1.097576205070060524e+02
-3.112786125192539544e+02
-1.425591956212275022e+02
-1.027942616535705866e+02
-1.643058714781321612e+02
-4.210562465521036302e+02
-1.363231675346580403e+02
-1.608300662797886957e+02
-1.684087067982543431e+02
-1.157427144715290979e+02
-1.067482676747288792e+02
-2.303107635280516945e+02
-2.320935403547913154e+02
-5.912477772592469591e+02
-1.383538050896698621e+02
-1.732312265114970558e+02
-1.903582059871392573e+01
-4.311045819647316080e+02
-8.628766871561882112e+01
-1.085611720483490075e+02
1.165430106992438120e+01
-1.837915989163222434e+02
-6.351187038265193507e+01
1.254335840913968525e+01
-3.893977030177584453e+01
-1.353812548412187482e+02
-2.289305495000013195e+02
-3.596451430977322161e+02
-1.491145445533518341e+02
-2.464357897192356290e+02
1.228136460692066656e+01
-2.080440905916866257e+02
-1.163483289770512812e+02
-2.707267742303271802e+02
-1.216777521242404276e+02
-3.600497256009241198e+00
-2.419816477721723231e+02
-6.348549750608241311e+02
-1.705861476031942345e+02
-1.380961052315881830e+02
1.213184475497676118e+01
-5.524741343221776901e+01
-3.851522669155492906e+00
-2.287423174444231222e+01
1.245302978986564213e+01
-3.127547914413963071e+01
-3.198252986992184077e+01
1.252815445980350084e+01
-6.959987530831921276e+01
-3.435347858351434525e+01
-4.936022010844472163e+01
1.249188849997517003e+01
-8.472517695601446519e+01
1.233120865593902593e+01
-3.163024238048793535e+01
1.239294169101509802e+01
-4.489098983222652350e+02
5.426768316136866943e+00
-3.146074284329160875e+01
3.687245336627807291e+00
-2.463402532366769648e+01
-1.689293262449650399e+02
-8.841830759479687885e+00
-1.327968961727467700e+00
1.233041731662794049e+01
-2.460311466964013860e+01
4.279512842264979966e+00
1.251834486365359744e+01
-5.615126273954214042e+00
8.644830540418590559e+00
8.114028419037296658e+00
1.098274092064043117e+01
7.485781284271193492e+00
8.165113760700254630e+00
1.247026401944537710e+01
7.527837717380412741e+00
7.909460143011033395e+00
3.878807640567734083e+00
-1.812088635184608520e+01
1.243790930841569065e+01
1.060644170520219731e+01
8.088436448219180619e+00
-1.033102401094943446e+00
-1.720824881707140719e+02
1.012892562570884003e+01
1.013133542409186383e+01
3.949286823642527366e+00
4.522451088868038482e+00
1.154257997684389814e+01
1.208968020885384753e+01
7.965528625137663354e+00
1.144862519210697016e+01
8.213302646253222150e+00
7.862105897671576749e+00
9.458611059210525696e+00
5.252293416293994710e+00
1.105807203233240088e+01
1.219875356082736495e+01
1.027042443571939145e+01
1.193180998135875726e+01
1.047207988816773927e+01
1.099042256502511350e+01
5.373569325500065830e+00
1.168775751434496613e+01
1.242789038773346277e+01
1.136412047209888243e+01
9.695735875358220568e+00
1.227993487426296859e+01
1.145767796503640312e+01
1.001162783748769769e+01
1.099792693620276474e+01
1.207765275303882646e+01
8.078892870055648601e+00
1.114673831862003617e+01
