-2.027399506323438061e+02
-7.939577367766482041e+01
-2.020405713711320459e+02
-1.529411465308291156e+02
-3.805270353898898179e+02
-1.371388757376560079e+02
-1.484193604816644267e+02
-2.185282203709198257e+02
-1.271495372206986048e+02
-2.279878525972279419e+02
-1.396968022899984163e+01
-1.549601141992193050e+02
-1.693667354496999167e+02
-9.247815806120559046e+01
-2.164772482101825233e+02
-1.868753365022986657e+02
-1.678312280448797935e+02
9.353164994092765028e+00
-1.037357568694461492e+02
-5.763444667906160390e+01
8.186945582956870027e+00
-8.952956311091713815e+01
-2.407339577219890145e+02
-6.620386582962727573e+01
-8.864825371238468676e+01
1.249032207577535836e+01
-2.657167562766164224e+02
-6.933435433288181571e+01
1.233584088724463612e+01
-8.469963477513257999e+01
-9.290579629690326158e+01
-3.873244922337770646e+01
1.243453727085326399e+01
-8.848862685438514575e+01
1.238075484430090789e+01
1.253156941561593030e+01
1.156412558747829955e+01
1.254355982783226864e+01
-2.583230778300696784e+02
1.180005521837420979e+01
1.209399138776980109e+01
1.044090746052565066e+01
1.257429201570828070e+01
1.248317165781734417e+01
1.256871714196622847e+01
-4.880701440462345175e+01
1.248353904568688044e+01
1.254439030436447133e+01
1.178045976595748812e+01
1.244662691610995964e+01
1.081532769156569529e+01
1.243289428372363403e+01
1.210794802461226993e+01
-7.382604101973703337e+01
1.226908489499981236e+01
6.638654604287925309e+00
-6.706467596599880210e+01
1.228989011443423607e+01
-5.467369722218838746e+01
1.101945151592808969e+01
1.246656020953843758e+01
1.231087814168194683e+01
9.245960821687431164e+00
1.250535184179126169e+01
8.839845065748889397e+00
-8.158956135643195751e+01
1.253213357954516027e+01
1.252461305865807439e+01
-1.337189939539774031e+01
1.246459396284942756e+01
-1.061143550709944634e+02
1.019336947552207207e+01
1.242307107759714491e+01
1.196406610611965071e+01
-1.981219748356649646e+01
-1.030401537532597871e+02
-7.102481897436103253e+00
2.504885128008377038e+00
1.254797597891340999e+01
1.198587582861980039e+01
1.163018949699428184e+01
1.049535031831841358e+01
-2.069910493692303532e+01
1.170987596033839040e+01
1.231617898823805035e+01
1.243113411673249047e+01
1.248895110892080496e+01
1.189255540489181939e+01
1.186734639939624891e+01
1.069396260683211253e+01
1.250150105565926317e+01
1.154666702354334085e+01
9.580345318235224283e+00
1.130286122120468839e+01
1.218118025622282019e+01
1.253414994085721013e+01
1.212670180612427018e+01
1.235308883076011455e+01
1.118948255618171750e+01
1.249334641319510908e+01
-4.629262322077085656e-01
1.154867550827932021e+01
1.057950570013977298e+01
1.246014754688983217e+01
-1.010784049536574969e-01
1.255551967702517402e+01
8.662886636895141379e+00
1.214062915154961075e+01
5.671656337128974101e+00
1.235511552451993822e+01
1.255875639784585829e+01
1.202673050829101697e+01
1.246806027355802726e+01
1.005283227510425093e+00
1.254112898696977041e+01
1.254215461201642690e+01
8.696456158314219920e+00
-1.328915262415040388e+02
1.255105811162515472e+01
8.891647719573786190e+00
