-1.245174824560424724e+02
-1.253069684128589500e+02
-2.153968137462777008e+02
-1.131098336689014019e+02
-2.864312307558636803e+02
-1.601987003966422378e+02
-1.660483343045192157e+02
1.251169744215055779e+01
-2.826393028327503316e+02
-1.802357705670976031e+02
-2.704334849389632609e+02
-3.102712326421013813e+02
-2.590052599792108481e+02
-2.505663990354399857e+02
-9.416570477327080368e+01
-1.147742457897619204e+02
-7.124475593398230444e+01
-8.267257991863408506e+01
-1.019453951185784746e+02
-5.332611833032778748e+01
-1.151703958041520366e+02
1.206826936555444441e+01
-9.584711034957577169e+01
1.221764699263756881e+01
-3.969184496344516333e+01
-9.335639102860388050e+01
1.257466973523759535e+01
-1.951320920277961761e+02
-2.671516825586772370e+01
8.588727994082425710e+00
1.242222722659381162e+01
-1.297825605118430303e+02
1.254095501730877160e+01
1.243924255010081836e+01
1.245349463222807174e+01
1.220835541469681829e+01
-1.196253072627512353e+02
1.120603420700399688e+01
1.242857016423312189e+01
1.229322553397117090e+01
9.116580698229082458e+00
9.682337375330504869e+00
1.216937262933965869e+01
1.036221312913792403e+01
1.250148666613606707e+01
1.249574429785706187e+01
4.231246667367084768e+00
1.054790716479616108e+01
1.115323293165768526e+01
1.239285503199167060e+01
1.256535293241741869e+01
1.080391954095404117e+01
1.253202567167292081e+01
8.955120241767222211e+00
1.165158222406668997e+01
8.909554724785905933e+00
1.246603587932225565e+01
2.549814859541536194e+00
8.188550096533425915e+00
1.058637260994361817e+01
1.106487115844286429e+01
1.149495445704476815e+01
8.238233540104221930e+00
8.486322245815149046e+00
8.453657876162701257e+00
1.240574831784373444e+01
7.921956842474951799e+00
1.634036736832614523e+00
1.254448323425962997e+01
1.250460536767885067e+01
5.682459737001142486e+00
-1.643935387193537068e+01
7.390612647575414584e+00
1.228690153304976462e+01
1.090651282792335053e+01
1.227677692661239561e+01
1.211685307861998950e+01
7.105128354436856419e+00
6.517070373826870266e+00
1.158637525841381155e+01
1.148894485224122164e+01
9.100591279897992436e+00
1.255625723631351320e+01
-8.820783543192113996e+00
1.221451071976318303e+01
-1.760743294178508123e+01
7.068148578762768253e+00
1.231396262026531119e+01
4.924900667593430370e+00
5.582419778460810278e+00
1.058379995072282398e+01
9.584631136180741251e+00
1.142181242383524165e+01
1.070842431801120043e+01
1.243900380964393726e+01
1.250479567425330885e+01
1.083535670491517422e+01
1.253984950753950578e+01
1.254795135547123941e+01
1.126380358419129379e+01
1.233943028573989587e+01
9.967793492516269893e+00
1.254917397746601537e+01
1.178342329123895738e+01
8.119739612546343466e+00
5.557160300160848720e+00
1.129019007468218838e+01
1.240170642502928544e+01
1.232025839340377438e+01
1.210995303475579199e+01
1.642384249195885104e+00
1.108280936567915198e+01
1.251202659821849927e+01
1.182048138945841309e+01
7.265847030696770403e+00
8.223625446382941462e+00
-1.309404199215788012e+01
1.016020363143551819e+01
9.348945476288539780e+00
1.169469401181584089e+01
