-9.431271501163784876e+01
-1.421503529568174997e+02
-1.782942936690926103e+02
-3.327795437823656926e+02
-2.835595924721449705e+02
-2.984810011330403086e+02
-1.062894929147378917e+02
-1.840336164068292817e+02
-1.233452729125917955e+02
-2.159502974589186692e+02
-1.137159840082815947e+02
-1.553982250166608310e+02
-1.447641922712477580e+01
-2.719679913521962362e+02
1.217554417419725610e+01
-1.282040451724496677e+02
-1.607498928824210225e+02
-5.048612937803694223e+01
1.246613769696942953e+01
-9.094590189888904774e-01
-3.151548468870591790e+01
-6.601016871071114167e+01
-1.634477695823627243e+02
-8.454580936830954840e+01
1.254167786148598829e+01
1.068908712620589618e+01
6.211605004111667938e+00
-8.562457139089720215e+01
-2.286254354447819992e+02
1.188589523330940345e+01
-8.074407165927981112e+01
1.228740516823804541e+01
1.250995357597395419e+01
-3.310167122999281730e+00
1.226612907388723350e+01
-4.085949868258083484e+00
1.220489922175232778e+01
3.808141391374562090e+00
8.451361361138937767e+00
5.523308419702416927e+00
-3.728902296100211515e+02
-3.089445538918752021e+01
1.201648250431678733e+01
-1.124804175220036910e+02
6.681127404729302555e+00
1.014606351281862473e+01
3.423455992729211417e+00
8.525000677515967240e+00
7.176389474944736335e+00
9.043117268009769560e+00
1.114950324955561278e+01
1.005466011072098631e+01
1.074778751323701798e+01
5.826192532788793343e+00
7.193710482352354774e+00
1.255135462180182060e+01
9.824864376825768630e+00
1.219878244627793862e+01
1.249600135784470112e+01
1.256175237392428734e+01
1.231521377272217777e+01
9.712715136388396786e+00
1.095949224499781671e+01
1.228449837202229489e+01
1.207621515588420991e+01
1.206322358820644780e+01
9.757161798492351323e+00
1.213394722618088650e+01
9.180106337403834971e+00
1.196618850262895961e+01
7.729248439548179306e+00
1.128393498128497541e+01
1.199272362016299098e+01
1.151575744465242224e+01
1.227040422357872096e+01
9.929184840360735009e+00
1.219746475384309115e+01
-2.163653323759933187e+02
1.202751408706969016e+01
1.165492130035829810e+01
1.022102475352823525e+01
1.635043986538921246e+00
1.010987708147120046e+01
1.043459425500843452e+01
1.213213478729004535e+01
-1.650750773073042410e+00
1.221881365914048345e+01
-9.547358320632888251e-01
2.198866525408551098e+00
1.492876214741389873e-01
1.151578350612964385e+01
1.256250617266773340e+01
1.255189162701326744e+01
1.253117265796787194e+01
9.275138370251490016e+00
1.078577662323970543e+01
6.723419108714283610e+00
3.151144865163498565e+00
1.119675476303175543e+01
1.248991368246883660e+01
1.074183899912559070e+01
1.242546316501919890e+01
1.117364872187013702e+01
1.032510520780403951e+01
6.495988731875980804e+00
-2.230635727317897192e+02
-9.842357718613192219e+01
8.353470880444216817e+00
9.678634639145466068e+00
8.317411847965304972e+00
1.232900006214907940e+01
1.244190612044531363e+01
3.984304689391141352e+00
9.035247178624796760e+00
1.242809632694896393e+01
6.421980816925003666e+00
1.212181505255735203e+01
-3.349679606375088952e+02
1.256359106731334840e+01
1.248470528583404082e+01
