-1.601723447035151366e+02
-3.310100395348695770e+02
-8.633147193330282221e+01
-2.558953505645075666e+02
-1.015719070876951378e+02
-1.453893628172859565e+02
-2.308030632165746709e+01
-2.032823256630430819e+02
-1.474140706752757239e+02
-2.155259800659308098e+02
1.246989911258472716e+01
-1.608896784035860037e+02
1.212587394252858708e+01
-2.982892201992651167e+02
-1.081470604449873321e+02
-7.605277215039166094e+01
-3.032569404488311307e+02
-1.018465706573174572e+02
-9.128677292199746773e+01
-8.939984834463270147e+01
-7.181646941492091685e+01
-7.477934298003435742e+01
-8.764904285888897562e+01
1.985486499491953438e+00
1.244844760949362161e+01
1.246929060006991108e+01
-9.472564592396182093e+01
-9.513616043037507097e+01
1.238727194451930558e+01
-2.807674538537102649e+01
1.237076733669361950e+01
1.076906517587660161e+01
7.477937528228872033e+00
6.575275249661249433e+00
9.732013870785312548e+00
-2.558413046043065009e+01
1.239412134440552471e+01
-5.202850165418280426e+01
7.003152507632687040e+00
4.655066828393541911e+00
1.232570746228239145e+01
1.233295174176749676e+01
7.091636294244226590e+00
1.230072868697880750e+01
7.189840380044031143e+00
9.710093934362518553e+00
1.200717645502865238e+01
5.389809647312551633e+00
1.161619282350250337e+01
9.945655688202174716e+00
1.009271715958146132e+01
9.643811668713318852e+00
7.062158976698886370e+00
5.917909018292419887e+00
1.018918999763591060e+01
1.248172342787117373e+01
1.350309085020938937e+00
9.077955881784786740e+00
1.114282490334216291e+01
1.255843889495956134e+01
1.016609872878116505e+01
1.143754209700680669e+01
1.221486953945506038e+01
1.225491203556936348e+01
1.115393274725984263e+01
1.256548199318006631e+01
1.250814302200273076e+01
6.532958835486367022e+00
1.202099685539040586e+01
9.194937879568373162e+00
-1.877572025350276022e+02
-1.894481653371744585e+02
1.245698778222957515e+01
5.759684719399283281e+00
1.139038489035477753e+01
1.246087124047687666e+01
1.057704875432661140e+01
1.195905857223999647e+01
1.248536633662586226e+01
3.012576376959241742e-01
1.221065750200369493e+01
1.251166449078918141e+01
7.379372390899173517e+00
1.220397135619550610e+01
-1.863884505593146628e+02
8.341035401957682893e+00
-4.954742535211735799e-01
1.248518705466071488e+01
3.012173761818985440e+00
1.244559187978717851e+01
1.123855920328297131e+01
7.878662261933918387e+00
-8.153204984109333964e+01
1.253260469235654995e+01
3.462269174967021357e+00
7.617827165505744347e+00
1.241107478556371291e+01
1.255134541183396912e+01
1.254429459451549356e+01
1.252625946208090824e+01
1.236803980142384241e+01
1.139937972238777952e+01
5.118854566168874243e+00
