-1.199201593309594784e+02
-1.829121985109798914e+02
1.097791934661811553e+01
-1.115164416929845714e+02
-1.921395635532882125e+02
-1.134645924497715441e+02
-9.665097939255605297e+01
-2.729988839548970532e+02
-9.025539699117163650e+01
-2.906494210343795430e+02
-1.894084735637979406e+02
-3.924679593505852608e+02
1.211000775571136856e+01
-1.825202360640139716e+02
-1.437962025932827430e+02
-2.096107366883369991e+02
-2.665508853977834747e+02
-3.160809464398591331e+02
-4.320996383303290713e+02
-2.719422942228381999e+02
-3.163963191359882217e+02
-2.401469241264140919e+02
-2.075531142627956456e+02
-1.339471975816267673e+02
-1.308369420080183545e+02
-2.252637625460670563e+02
-3.353016247587379439e+02
-2.855893420965963969e+02
1.249209954063435823e+01
-2.046463229683663485e+02
-1.074082597529697551e+02
-2.234754045768560218e+02
-1.527654669345664900e+02
1.209696247301790706e+01
-9.446826196834754796e+01
-6.045823868084705310e+01
-8.042073796450820566e+01
8.472168163229181204e+00
1.247807548104492525e+01
1.241531160819474344e+01
-5.468898592798834102e+01
-1.430280352317006987e+01
-4.812191950914644423e+01
-2.207250920719130249e+02
-1.205991319855577615e+01
-3.140417257930994310e+01
-4.149888168661888699e+01
1.211765862377051306e+01
1.235483840509147946e+01
1.230152302389951835e+01
1.236813807652596786e+01
1.068193068370101884e+01
1.256105453359961288e+01
1.255111226776041100e+01
1.255521569032029561e+01
8.401755861214263987e+00
7.017571391936624714e+00
1.217683532538301350e+01
-1.810664564077731242e+01
1.212637765671073886e+01
1.098490936161899612e+01
1.071899445903337522e+01
7.118602137738457181e+00
-1.294792170787335550e-01
6.543227845465207082e+00
7.565862098916646516e+00
-8.171903535330240942e+00
1.144107531462410421e+01
1.130418553866940456e+01
1.221682515202370212e+01
-1.563196425841436223e+02
1.254233271658643645e+01
-5.508511117603166696e+00
1.202439711429527236e+01
2.612622224583910580e+00
1.240248146405174445e+01
1.254080692143422304e+01
9.169879626699218633e+00
8.501602031544802429e+00
5.712337783826228588e+00
1.205372596366621352e+01
1.250686683306093983e+01
-6.734596744970112070e+00
1.256898047636804527e+01
-4.288125999176742198e+00
9.868783079874010156e+00
1.012417285862548155e+01
-5.368668111826679024e+00
1.240338877487958058e+01
1.243851758207115665e+01
-3.422607641399344658e+01
1.249181307437904920e+01
1.154991174107190588e+01
1.066771518082811632e+01
1.231481960676815035e+01
-4.513236165168692082e+00
-1.977829489279927202e+02
1.239890230895596090e+01
1.252482849119975938e+01
2.333066640468524966e+00
1.188874932594648470e+01
2.374251787910459655e+00
1.042480435004148909e+01
1.140801331269262953e+01
4.383592384225195815e+00
6.869446436075328677e+00
5.346303704506754073e+00
-1.880662801563221365e+01
1.107452540477629910e+01
1.200909938274206823e+01
9.344410048042758987e+00
9.253924040106287663e+00
6.075991198602302745e+00
-2.746881633892811436e+01
1.215470870721185648e+01
8.446423932676973223e+00
1.021029194397945616e+01
5.751875200444553471e+00
-1.891383408994631310e+01
1.248406166990088373e+01
