-3.503275656985325099e+02
-2.642939743733180649e+02
1.252692104112830407e+01
-1.176380253372593216e+02
-1.561666971026091062e+02
-1.159904923249723367e+02
-3.669258992673944135e+02
-1.462864467066846998e+02
-2.921953933430085613e+02
-3.079503555273245183e+02
-8.834822983557927500e+01
-2.676609341892371390e+02
-4.615895349523956526e+01
1.245368132094148450e+01
1.255605109192069868e+01
1.233769263951561612e+01
1.403253268978536639e+00
-1.780006594022235333e+02
1.257145918169127796e+01
1.171868851270962963e+01
1.247053759447276633e+01
-2.991707141062927349e+02
1.240537605636273710e+01
-3.869848173827522686e+01
-1.140515052959738398e+02
-9.449304279336875823e+01
1.252616851404182263e+01
-5.144732493837842213e+01
1.223381546542141152e+01
8.135893645944229036e+00
4.946516667611952300e+00
1.226865895249355276e+01
-6.024596482075177306e+01
1.254075911499600693e+01
1.096701213184804047e+01
1.240984942309625438e+01
1.101299328060340166e+01
1.156158714505850327e+01
-7.223011207101836817e+01
1.247006917717245145e+01
1.253118088461727986e+01
1.210293875488453708e+01
1.227365377963518256e+01
8.276941129154788968e+00
4.876044358762229081e+00
9.427726250035771471e+00
1.248232751083601144e+01
1.025675788774107211e+01
1.230132314481266143e+01
1.223626788487113259e+01
1.214786947614298285e+01
1.060978009906898833e+01
1.225475340740422148e+01
9.111662461169757421e+00
1.245195968405317899e+01
1.245028163056403869e+01
3.967078197746443990e+00
1.255641104236487848e+01
1.244017566857369772e+01
7.669147851414567896e+00
1.183183385540093724e+01
6.990779918856048880e+00
1.242425395121409260e+01
6.118529156411279146e+00
1.238465401397076882e+01
1.241888759055499492e+01
1.162633929244780440e+01
6.278473796551114816e+00
1.085135104487178737e+01
1.011504139081280407e+01
1.193839936019889869e+01
1.247215470971393003e+01
3.736772919269643722e+00
1.241183120565304598e+01
1.219408298115293832e+01
1.223277211848055934e+01
-8.374010494281442618e+00
1.089899545427923400e+01
1.138227322424482679e+01
8.954848863103723744e+00
7.549238795629698018e+00
5.962082047725797196e+00
7.011092659393091786e+00
9.087196435640596093e+00
6.322108175451397472e+00
8.813703365649072197e+00
5.481444101928749646e+00
1.120586534483230423e+01
1.046271910442466080e+01
1.242653563652550375e+01
1.208554060209188385e+01
8.666791805657464209e+00
9.321365195185792984e+00
1.214810586167346784e+01
1.152586974239191342e+01
1.086878328838043828e+01
1.206054904236417258e+01
8.161385489776064261e+00
1.234301084187485742e+01
1.180068774495227757e+01
1.234338043116945371e+01
1.073205900296135162e+01
1.227127427173634722e+01
1.095094482665701818e+01
8.815134148480586518e+00
1.247245675378564833e+01
1.000062015900402557e+01
1.172023379166273394e+01
1.155126146258590936e+01
9.137876780242322639e+00
1.095199201253085874e+01
1.256517002053134036e+01
1.185667027211025726e+01
1.191992192967934372e+01
1.248140902222841930e+01
1.170179103910700036e+01
1.257120777569435965e+01
1.217962892736466785e+01
1.107894797737064074e+01
1.220692577648546617e+01
9.794082586755624931e+00
1.257006203518452025e+01
1.205990354325294689e+01
1.250457650171218837e+01
1.258191021089464456e+01
