-2.573499623927140760e+02
-3.711796658783012504e+02
-9.054614604266730282e+01
-1.620513671294120286e+02
-2.740312319443526690e+02
-1.189155628507974427e+02
-2.484162189434250081e+02
-2.393305729596565072e+02
-7.698397718474861051e+01
-3.158536794705329385e+02
-2.460081319094767593e+02
-1.983526714207414443e+02
-4.208440413813014516e+02
-4.853090865344695999e+02
-3.818838618909253455e+02
-1.681692347020519378e+02
1.101125502517164101e+01
-1.321524769089614324e+02
-1.795106268722936704e+02
-1.239638938259218719e+02
-3.402209188489125609e+02
-1.546119963726544029e+02
-2.633871336199085817e+02
1.206956733868645415e+01
-6.215471034173009457e+01
-4.345271945930654311e+01
1.244481788420003809e+01
1.243859631215516970e+01
-2.647838858791415646e+02
4.270228658634279029e+00
1.160621913165123864e+01
-1.528195089128463451e+02
1.255491719121675587e+01
-1.992309340013421206e+02
1.231920497249011603e+01
1.214978407371116376e+01
-9.726955099490622558e+01
-7.023814794901983305e+01
1.251572482395160080e+01
9.436752012307971782e+00
1.205752659410006444e+01
9.195136324287499718e+00
1.146670820674568603e+01
1.075186122077846207e+01
1.177993188595706187e+01
1.256607040311211776e+01
1.235319217677687043e+01
1.250216834218610984e+01
1.218946119388353644e+01
1.219612096858073258e+01
1.239005633832938003e+01
1.227566435725337612e+01
-9.707106353286580713e+01
-5.687800882202836306e+00
1.227648305294298225e+01
1.088871671222719684e+01
1.227715997113664592e+01
6.605938342792065043e+00
-1.554177955558161841e+02
9.623298463499956767e+00
-9.202469882010115043e+01
-2.431659281469777412e+01
1.208951973934368951e+01
7.841694490935686268e+00
6.485385595668347491e+00
7.311888451518792742e+00
1.248086478780880171e+01
3.995620934402387192e+00
1.086043137741414810e+01
1.110541264710441567e+00
8.480862735289733223e+00
-1.733875104811469114e+01
7.850899384200429765e+00
-2.914501519441910204e+01
1.248033391260712754e+01
5.965543812337756435e+00
1.027713429166365522e+01
-1.054697324771342579e+02
9.812735785753204709e+00
1.190174527264230875e+01
5.361836242206779346e+00
1.024127521842495980e+01
7.540851130247097522e+00
-2.509163322946755414e+01
-5.539098471473410257e+01
1.122181374936548792e+01
-3.103268178055202142e+01
-2.286978212069303140e+01
6.218741269522226389e+00
-1.794298685959202544e+02
1.240408027539440816e+01
-4.222606102659497651e+00
5.341591330202481558e+00
1.108087654009271361e+01
1.022319552664883346e+01
-6.893674703860031627e+01
1.204848389076506976e+01
1.238534797472580706e+01
1.192246283851799937e+01
1.249695341433750961e+01
3.653577681510153496e+00
1.218769621781080659e+01
1.018447613298495469e+01
1.230369152119230591e+01
1.235838364118670185e+01
-5.363125355695055418e+01
5.453551268405645303e+00
1.184058259704050542e+01
1.251497918150504596e+01
-6.591812891355797177e+00
5.588747463432174101e+00
1.246164984907992590e+01
1.131662814890846747e+01
-2.823640029368153392e+00
7.600215693594662092e+00
7.093374731001203415e+00
1.216230696812288770e+01
1.247641854281178198e+01
1.097562980604324423e+01
8.101946539923231327e+00
