-3.131113313165112118e+02
-2.897292983345452058e+02
-1.720903933052396724e+02
-1.637653831741690169e+02
-1.485464654138852723e+02
1.735719816917898228e+00
-2.570145352999496708e+02
-1.928931036417570795e+02
-2.083514321331776387e+02
-1.732215860511779795e+02
-1.405873105504891782e+02
-1.009315770478368108e+02
-2.693337545097781458e+02
-1.368913177230381564e+02
-1.890802519260365386e+02
-2.071941131802110760e+02
-1.582457533487780665e+02
-2.238689183757380192e+02
-2.562774605277888895e+02
1.254509910383472793e+01
1.251717443816585984e+01
-3.363842731672834248e+02
-1.970330287322465210e+02
-2.428970376139964742e+02
1.252788948295208371e+01
-8.215699350764317899e+01
-9.369237606793392104e+01
-8.855341843721257078e+01
-7.599119518385020911e+01
-9.725134485080054958e+01
-1.208256881690186901e+02
-1.398584932167936188e+02
1.251972987124906211e+01
-6.409998780816752628e+01
-1.233718039523697456e+02
1.180682866846598600e+01
-8.401678233177615596e+01
-1.082808020520941596e+02
-1.347078636062925057e+02
-1.094637070403885559e+02
1.257786975900160265e+01
1.255840100561121631e+01
-4.667091987049349910e-01
-1.545829126487876692e+02
-6.984651377853523968e+01
1.141635317003991901e+01
1.254715277222737591e+01
6.326043501047635687e-01
1.883299623151650337e+00
1.193250922332116559e+01
1.118010460328678057e+01
1.194217156288641135e+01
1.016929612075456646e+01
1.243737019955643852e+01
8.453454154868293102e+00
1.242643212324014357e+01
1.157035999014222583e+01
1.179882303574968994e+01
6.724756963484871619e+00
3.247262285891832079e+00
1.204531187992479957e+01
9.034424469192668283e+00
1.213137344142808516e+01
1.229168903400631940e+01
1.212803860370288866e+01
1.219165926713471748e+01
1.102783323550136707e+01
1.166702761045377734e+01
4.594369594809723623e+00
9.408791910123840196e+00
1.189993153345946197e+01
1.204752356388847900e+01
1.153133153500863983e+01
1.224384262785575217e+01
1.245438279713080476e+01
5.062164365818770051e+00
9.708902578501307445e+00
1.183020069997246537e+01
1.235397564705251838e+01
6.048114344358731742e+00
9.260213153794769170e+00
1.250875639574900866e+01
1.248736105557357234e+01
8.914874613936484948e+00
