-2.674311647399417780e+02
-1.910650688227931937e+02
-1.240132555172019408e+02
-3.462585205173528493e+02
-2.118030996958749768e+01
1.255651289414304905e+01
-1.899029232832281480e+02
-3.061144906763436779e+02
-3.165627904688465151e+02
-2.553425180198649116e+02
-3.350831877396799428e+02
1.257096220055830926e+01
-8.066089410355981215e+01
-1.181663124405241945e+02
1.244508198020182377e+01
-9.215072625482876845e+01
-9.618659590829263095e+01
-8.073784272649494653e+01
-1.261763680444534685e+02
-8.470537245588518260e+01
1.228163442703101715e+01
-3.845052555821224587e+02
-8.519238669374811934e+01
-8.016655895014027067e+01
-1.522546161370768800e+02
-7.828107018396434569e+01
1.248130923933155678e+01
-2.453202926122010297e+01
-1.357109621807191502e+02
1.105451871970951672e+01
-7.140981840287867755e+00
-2.886977177325273942e+02
7.434476624233637310e+00
-1.429427325294696800e+02
-1.722141997491699783e+02
-1.031376064249961644e+00
1.234249372841156855e+01
1.255198498139493957e+01
-1.738529821419571704e+02
-1.390775877180490170e+02
1.238883964843256713e+01
-1.412749665885766035e+02
-1.631063943480789362e+02
1.226178776723720354e+01
1.247642213667776545e+01
-1.474599382914818193e+02
1.233016799177267941e+01
-3.385816177012873851e+00
1.097050722420052793e+01
1.237962559946072716e+01
-2.098908531445022732e+02
1.209759546169183153e+01
1.219326855762668949e+01
9.678199581479038471e+00
1.007395396305298618e+01
1.245906245348070485e+01
1.235768282514896121e+01
7.184214574637315387e+00
1.230117975658388474e+01
1.207184826237233821e+01
1.147587412751193270e+01
1.240573304138241539e+01
1.219034540087288399e+01
6.685749924334141170e+00
7.465374956269988260e+00
1.195282923442402101e+01
-1.743893538766538853e-01
1.092631542694216229e+01
1.211727931336191411e+01
6.053469059534425156e+00
5.094353178492296408e+00
-1.196913554577878216e+02
1.222712349288476830e+01
4.537269020214695914e+00
1.178386241292060532e+01
1.229908332128969661e+01
1.246806020820786998e+01
9.515767428233713687e+00
1.249865281039919296e+01
7.069471839674721814e+00
1.254833921639389338e+01
1.256872500511860480e+01
-6.790991021939335326e+01
7.885854239057326076e+00
1.241622446081836273e+01
8.850008390761660237e+00
1.247962258074153752e+01
1.247386245938443849e+01
1.256447906560451955e+01
1.233107768587648678e+01
