-1.545442787810162599e+02
-2.313714743558545592e+02
-1.741723639795596910e+02
-8.619468316173126254e+01
-9.481746731402836303e+01
-9.762653465606638292e+01
-8.334032145247573453e+01
-4.183301580092267500e+02
-1.278310417766589211e+02
-4.127219513177360000e+02
-9.240981286433266462e+01
-2.300777620515314368e+02
-1.351516497975177913e+02
-1.111886038710181595e+02
-1.207900124495714778e+02
-9.599094233125855169e+01
-1.097706597994749842e+02
-1.742638809683298859e+02
-4.106131706524731584e+00
-8.638882709197143583e+01
-1.017655279198896494e+02
-7.894422506599552491e+01
-4.683521094715210324e+02
-2.155485582807844480e+02
-9.955089564515407119e+01
-1.296317805146115916e+02
6.486479172350684053e+00
-1.174457965602369711e+02
7.286155649426921066e+00
1.256062452213948077e+01
7.861978297337251398e+00
1.255751890036861163e+01
-1.366780430976045579e+01
1.257489131174637009e+01
1.163667555711874613e+01
1.082181709592186891e+01
1.245502040853992654e+01
-1.028159135907586119e+01
1.195127187362347421e+01
7.933481304658999811e+00
1.081238756363658382e+01
9.016636272573315125e+00
-3.235551270264253532e+01
1.236588997899478493e+01
1.241818130761396510e+01
7.973365686898072902e+00
2.011328224649302499e+00
-1.413120243662252307e+00
1.246714407395218771e+01
1.251557702030637387e+01
-1.556962257650293395e+02
7.957244735099784805e+00
1.240409382815097317e+01
-3.061639063802179095e+00
1.163245312486693628e+01
-5.829261209654418963e+00
6.123742329420331032e+00
-1.640594390660000954e+02
-4.661348711675682210e+00
1.075139317220274648e+01
-5.737044910738660519e+00
-9.395399991504962856e+00
1.243587184056032413e+01
9.671855564784950232e+00
-9.093293028789606325e-01
1.188155144685597620e+01
1.239609143819083314e+01
1.158477979273440894e+01
1.123011726079056238e+01
1.176249770493826041e+01
9.823704683774302282e+00
9.388973400529783575e+00
1.794305767522365258e+00
8.581890344160168382e+00
1.026453376169840936e+01
9.453297846059605547e+00
2.158139942356608998e+00
6.541923100930867818e+00
1.185799573045322752e+01
1.180777057916506756e+01
1.130684415898618589e+01
1.213185625600678286e+01
1.110485877871080262e+01
1.183300771057809442e+01
1.254694289866313461e+01
1.249912442408340851e+01
1.204460464701702804e+01
1.099694977694529285e+01
1.237279836273161138e+01
1.092181364381838193e+01
1.232238724425610599e+01
1.203531954587618635e+01
5.595452401131922215e+00
8.325313870099327218e+00
1.001051619866311526e+01
1.023558752963465324e+01
1.168401615923214365e+01
9.515494728691262338e+00
6.973435968067674295e+00
1.243628989611828572e+01
1.114925183401344988e+01
1.153544842345538157e+01
1.194386463808962517e+01
9.668001976437258449e+00
1.237329523809506782e+01
5.651449498761907719e+00
1.257136835323311708e+01
1.244824835174362399e+01
1.253510563422670998e+01
1.112393518858023178e+01
1.238260033986615838e+01
1.213393926877297702e+01
1.245495051536867415e+01
1.211901302199932573e+01
1.211342807169070390e+01
1.217025364175219160e+01
1.198504693913436725e+01
1.179710372278220376e+01
6.603148603549165330e+00
1.207938239985916340e+01
