-2.522577357426022218e+02
-1.760709260266297065e+02
-2.394971421604720661e+02
-2.698690673560873847e+02
-2.683874264397228444e+02
-1.826972277187053351e+02
-1.349895467001466898e+02
-1.603837691119359476e+02
-8.492471234383857848e+01
-8.454175493532314078e+01
-2.414757737303430645e+02
-1.242193565726369826e+02
-1.158205810240710747e+02
-7.581097439783626157e+01
-8.709086317316277359e+01
-3.407789101683988520e+01
-4.729039050046036152e+01
-3.931237344789067123e+01
-4.339169373673794183e+01
-8.179414838478695771e-01
-5.090726477232859537e+00
3.066093115819274573e+00
6.664639537407825998e-01
1.134768783113905499e+00
1.234991919319118736e+01
7.345509180818839745e+00
1.139480446798201108e+01
8.747220492675261028e+00
5.839797022994254405e+00
1.845130141255511447e+00
7.959499689958078328e+00
1.058823731304556404e+01
-2.649975838718825827e+01
-2.055520285548528037e+01
5.674393856206748410e+00
1.254576948736087871e+01
1.252213316023422252e+01
1.254129011915323133e+01
1.247884235848442103e+01
1.140645209912457148e+01
-2.245569674241527025e+01
1.211689751942491888e+01
1.240157929317730812e+01
1.025967669577477714e+01
2.808618459329538908e+00
1.024260648008504937e+01
-3.462281001079957576e+01
1.226769992579839652e+01
1.249171884960906809e+01
1.252602564522350725e+01
1.115511324982052166e+01
9.936192022941984447e+00
1.241288260853768577e+01
3.820122360569705222e+00
5.611579146797573969e-02
1.147852925336425756e+01
-1.061965081407546165e+02
9.589134388407849485e+00
1.235917188503573350e+01
9.531010719815855126e+00
-3.752545733390423521e+00
2.956858149472468611e+00
1.253809512495774925e+01
8.168234593473234995e+00
1.239055784504808777e+01
1.186114120659772020e+01
1.126729456613597868e+01
1.254026935703761225e+01
1.113285677165963783e+01
8.611019087591763821e+00
1.173745966486512948e+01
1.072658777834402954e+01
1.250514043458080593e+01
1.163899556361116794e+01
1.227333193093769914e+01
1.231216589295433650e+01
7.664734720507185628e+00
1.198865813285987514e+01
1.253861334336857780e+01
6.849982196788724664e+00
8.809315494012400549e+00
1.238389984704904023e+01
1.110313498627756701e+01
1.235601666253505648e+01
1.197616160383098460e+01
1.204326594885143464e+01
1.252966145148902477e+01
1.245058281256259747e+01
1.214956510118495103e+01
-1.502030470906456969e+02
1.190026177487725256e+01
1.152489735495496070e+01
1.008576650505079897e+01
7.581044292098089166e+00
3.809503137029711439e+00
1.241540650871013796e+01
1.252907354738513312e+01
1.250709408360928876e+01
1.069482709139856880e+01
6.080013570160730296e+00
5.091206309693642851e+00
9.751220161659052366e+00
1.000976494074722467e+01
1.220086299493229376e+01
1.252524569778227637e+01
1.189274986432848991e+01
9.972257156974134062e+00
1.181575707557081145e+01
7.837611140194094439e+00
7.055642427867235611e+00
1.253369757103192050e+01
8.864003077891322135e+00
1.226980916194245097e+01
1.177917254669047864e+01
1.246996793246161062e+01
1.148010798248862230e+01
1.255393101287100066e+01
2.149288251227055468e+00
1.178189061354987288e+01
1.177549887599287359e+01
