-8.907296649450402981e+01
-1.732125058362038317e+02
-3.310159386409189324e+02
-4.542798184050054147e+02
-2.408529421246324489e+02
-1.271185034010437960e+02
-3.040718568107999999e+02
-3.759842408387349906e+02
-1.292396113029726905e+02
-1.616420670947233020e+02
-9.937720930694106869e+01
-9.150696687714862776e+01
-7.795625788005747836e+01
-2.829060779850007066e+02
-7.370925662053798533e+01
-4.483952761062640207e+02
-4.828749892929271823e+02
-8.836474819795752467e+01
-1.541383966392936031e+02
-1.433732893495326621e+01
-9.555316525101552827e+01
-3.071062116016641426e+02
1.251492702557324144e+01
-1.802898988066358186e+02
9.315117473326470332e+00
-1.412102149665942079e+02
-4.190048522834267715e+02
-1.128169119186829903e+02
-2.019389771957592927e+02
-1.259055036732577264e+02
-4.227695869901144476e+01
-1.226821903975733363e+01
1.250510771981020319e+01
-3.521138611193887158e+01
1.017110212049455065e+01
1.133117452992117968e+01
-2.850303954795611503e+02
1.179257612211538842e+01
1.257847034471338965e+01
1.250703261726401294e+01
8.849203737143980675e+00
1.128245761394158286e+01
1.251262269343049738e+01
-1.027831341264645175e+02
9.837444934038506617e+00
1.238914199767251745e+01
1.139441352437852828e+01
-1.745370483811846043e+02
1.127705414845387288e+01
7.913641360939945635e+00
1.224432979833510338e+01
6.445382973023916051e+00
5.720799898990952315e+00
9.297949791748862935e-01
-1.073310632824362898e+02
4.130735063378715211e+00
8.347699844207362219e+00
1.093563152271950756e+01
1.204652251527158491e+01
1.137494906617783030e+01
1.257318660266538046e+01
1.233043048370908679e+01
1.075511989289406500e+01
4.848327188859856918e+00
1.231240134232693251e+01
-4.087894086565640350e+00
1.241225189597963308e+01
1.083191058132182150e+01
1.232628337307349753e+01
1.196928057255908762e+01
9.966846446879202404e+00
1.180091790414964059e+01
1.238525714952720236e+01
1.217731635892956277e+01
1.215147548399845867e+01
1.245992585467095992e+01
9.691535373270546927e+00
1.222555137679101200e+01
1.144271845438259838e+01
1.123090643007015998e+01
8.179056433951494398e+00
1.256293605251310375e+01
9.183880835562293399e+00
1.174076705660936071e+01
8.588303114373985636e+00
1.248028596394422074e+01
1.248746671536128083e+01
1.101431442712906339e+01
1.210585690105890500e+01
1.075530350607687602e+01
8.128797015525570657e+00
9.530808374689318185e+00
1.194570375771266768e+01
1.063424779439091239e+01
-1.263412974488858254e+01
1.252642480349632947e+01
6.401981888847066315e+00
1.081527470529860935e+01
2.505757886655086253e+00
1.254395878497373928e+01
1.085456209490472901e+01
1.115490236249177691e+01
8.034974786962372661e+00
1.223050761947310683e+01
1.221962501291330128e+01
1.228098548385188948e+01
1.108628116247861861e+01
8.957434063133455027e+00
1.253478873030780605e+01
6.734029852693394602e+00
4.413492333066358242e+00
8.596688541865439959e+00
1.045156321037140401e+01
1.256174591589759792e+01
1.020978048030216456e+01
1.252790062120563341e+01
9.730096133476465070e+00
1.247269556251318257e+01
1.257172576131086572e+01
9.877321555289503507e+00
