-1.355805281288876358e+02
-8.352612176975007685e+01
-1.849359342438680187e+02
-2.163590616636840025e+02
-8.720861026693414431e+01
-2.613146743922245037e+02
-2.574182965737518884e+02
-1.649339255799554564e+02
1.251279936905429047e+01
-2.651527887637179788e+02
-3.861298623262898104e+02
-1.698335420896877679e+02
-3.280897081198633600e+02
-2.991531440593996081e+02
-2.745446739302429933e+02
-8.091317936212556106e+01
-8.299287044648181677e+01
-3.514318564032982977e+02
-9.011023040837905285e+01
-1.420991591436524573e+02
9.634673536252398307e+00
9.575333969600105632e+00
9.725598979260841048e+00
5.567326807941809008e+00
1.253487401699613812e+01
-4.341104915868869085e+01
-3.021879635868920388e-01
4.999669902524939147e+00
5.037711705953549668e+00
1.254577679244486532e+01
-1.713766926934802370e+02
1.172792040975733485e+01
7.916875830114646462e+00
-7.106959178035864966e+00
9.920671428049093521e+00
9.992897873181934898e+00
1.239795939861612339e+01
4.151646693629775342e+00
2.871445044138905445e+00
1.084593241672290631e+01
1.246187887896865121e+01
2.239062759511252665e+00
1.213787752800259589e+01
1.229328160026446604e+01
6.391215648213776745e+00
1.249811531296575140e+01
1.101287171302048229e+01
9.811750261743080515e+00
-7.079615717035757427e+00
1.197793981902907134e+01
1.230953129823716807e+01
1.217604780790657237e+01
1.226240297488719833e+01
1.203140745766691921e+01
1.235330829278893106e+01
9.792158157957834064e+00
1.229039315680315880e+01
1.234808049217455839e+01
1.225858495522166614e+01
7.981443123518583427e+00
-3.971298760847690801e+02
1.236379084836983111e+01
3.936542028739303589e+00
1.184736122486899035e+01
8.041372047575306325e+00
1.188139482186065443e+01
9.238251652758080468e+00
-1.402911367227845290e+02
1.243418976647074992e+01
1.109305523318007047e+01
8.793648601123127406e+00
1.141068890649819068e+01
1.241250532950253671e+01
1.222773743575071848e+01
1.246690836204188635e+01
1.221082896422566400e+01
1.243473774055174097e+01
1.256673355985054741e+01
1.257196926316439800e+01
1.240640860932577993e+01
1.242908382687178737e+01
1.186662951310158753e+01
1.243810110218040066e+01
1.256478884572058696e+01
1.249334783830755313e+01
1.229002304184082739e+01
1.245931781532422100e+01
1.078739816664223738e+01
1.245669952544101733e+01
1.247869659343145443e+01
1.253712521601493357e+01
1.224978766395528140e+01
1.217173829913559402e+01
1.231490655837805548e+01
9.021467337337220727e+00
1.131651255211256313e+01
-2.432568646206335075e+02
1.223722990503939378e+01
1.194223807103914226e+01
1.236718607844916207e+01
1.215244657114013016e+01
1.256367171771526259e+01
8.356903185417404956e+00
1.091026080095772244e+01
1.255028932554939658e+01
1.232619034958712234e+01
8.803579088665530961e+00
1.128180613756880035e+01
7.931856865024907499e+00
8.169308944032692921e+00
1.195223253323252166e+01
1.256297860092560370e+01
9.696813881650545142e+00
1.110671698557226250e+01
1.142633702403116125e+01
1.141101581972973378e+01
1.076840003498779197e+01
6.619003125293282608e+00
1.234258084400889466e+01
1.179165666608039054e+01
