-8.240487666547551271e+01
-2.149273976860161497e+02
-3.291148371839486799e+02
-1.056194073403329696e+02
-4.148164283890906745e+02
-1.703520467158815848e+02
-1.950636745083494077e+02
-2.271142558999724201e+02
-3.107804411183078059e+02
-2.318015556945356650e+02
-1.722092340305266873e+02
-1.338707329409483577e+02
-9.849739714228842047e+01
-1.699415476886782699e+02
-1.255342862001253650e+02
-1.182642854477138030e+02
-1.480521115457643475e+02
-3.302608322569994925e+00
9.560401922372850692e+00
-9.320977150815632228e+01
-2.162555933093003375e+02
1.252435793874675163e+01
1.219814168249407160e+01
-2.293952947988010749e+02
-1.164325547367545255e+01
-1.803474970180501913e+01
-7.401909363504825023e+01
1.239885744513706101e+01
-5.746640108397602376e+01
-1.560448750874064956e+02
-3.489791661536840905e+01
1.209273479225665504e+01
-3.065520010696699416e+01
1.140373594766822052e+01
1.230453220164996431e+01
-6.459851163876169977e+00
-3.968857652212938802e+01
1.069370124522928478e+01
2.426529823173138922e+00
1.124657005622827732e+01
9.782220232473463284e+00
3.453971631844380497e+00
1.240878672395166760e+01
9.726616189396963819e+00
1.199577980742107464e+01
9.174727975681886250e+00
1.237683384589220559e+01
1.219265403483844068e+01
8.200722068347516824e+00
1.173814539607162288e+01
1.140017066909538102e+01
1.003256020159729545e+01
1.180975137970695066e+01
1.064792381408328836e+01
9.299950135417340391e+00
5.895596299925903949e+00
1.055345453148196455e+01
1.160719709368861174e+01
1.581021762198634661e+00
9.019619047949834822e+00
1.781036063640677014e+00
1.161926112599763528e+01
7.343499429740528051e+00
6.239749004512297859e+00
1.071777147685089915e+01
1.220166087163641322e+01
9.288548017551233826e+00
1.225279021869067186e+01
1.101788040489380371e+01
1.125827525559610010e+01
1.138013659425069157e+01
1.039935530674663156e+01
8.878392845169468472e+00
9.395634853301872980e+00
1.109623251307651337e+01
1.079638305086038841e+01
1.233918129661780938e+01
1.157737258924004209e+01
1.178499714559107758e+01
1.123051630189559802e+01
1.201159408902206849e+01
-2.759711544292943017e+02
1.172627739127036506e+01
1.009442898803684407e+01
1.253096663759276730e+01
6.803764911044563490e+00
9.735836871121144043e+00
1.108172482081399224e+01
8.412227318010693011e+00
-6.055813948739441344e+00
9.908189022807864177e+00
1.241400140159513121e+01
6.095744820339758618e+00
1.107624552921960870e+01
1.059924296395681154e+01
9.510052057685104643e+00
9.325170590073117438e+00
9.248639365982057825e+00
3.471240841723165715e+00
1.067107487483214712e+01
6.127185953734459289e+00
1.257520052898344431e+01
9.444013294255894309e+00
1.101323529815791602e+01
-3.561224651673245489e+01
7.729259507113904526e+00
6.681535635168168952e+00
1.248386129000795464e+01
1.190686660981451617e+01
1.237739988397991553e+01
1.244020446884713849e+01
1.214719341257220009e+01
9.899898171539490477e+00
1.248588934921279758e+01
1.165687060394095909e+01
1.157495414740391304e+01
1.093127884978489561e+01
-4.901073504501127331e+00
1.214297667639684164e+01
1.237407604401657579e+01
