1.123803831896746175e+01
-2.678882652730896439e+02
-5.876986746748325174e+01
-7.822399523654878806e+01
-2.669793955048737075e+02
-3.485606429575499874e+02
-3.357084550294001701e+02
-2.479581498444587453e+02
-3.285998323014127891e+02
-1.955204587430836227e+02
-2.214953234872258179e+02
-2.458696737629738323e+02
-1.641330163776466975e+02
-2.379746828590694463e+02
-2.077857267490904860e+02
-9.602131281143836361e+01
-1.603584080536834335e+02
-1.467617499736372793e+02
-1.746835760713537979e+02
-1.418618247168037954e+02
-9.527544101069364046e+01
-1.115533094538560732e+02
-1.319718636288309028e+02
-9.998295287907046713e+01
-6.956407370308888005e+01
-9.331536952704512089e+01
-9.695964796465661095e+01
-1.288844136694017948e+02
-2.235538080131427989e+02
-2.113787568141541726e+02
-1.048191154342668483e+02
-3.878675380972772473e+02
1.253122739262093610e+01
-1.723144194459590040e+01
-1.070198755914428261e+02
-3.088886377013128595e+02
-9.657396463990974667e+01
7.999215344002781336e-01
-1.347458914727982346e+02
-2.122957235409956809e+02
-7.355952050844804546e+01
-7.793516982699433981e+01
-6.755649256128452862e+01
-4.496108071186626489e+02
-1.825040339816470123e+02
1.231764657104591798e+01
7.816383733186419214e+00
-2.379556281772437956e+02
5.473185945642047301e-01
1.143062982418817164e+01
-2.112605022188109558e+02
6.483952433723173314e+00
-1.042774642464776491e+02
9.920138638172559808e+00
-5.438557016507979824e+01
-1.231888991174907630e+02
-1.143725959584552498e+01
-2.332329940073569219e+02
-8.777114693223695951e+01
-7.791470730381969645e+01
-1.243887622162300346e+02
-9.243159427191592670e+01
1.243074556227020189e+01
9.807134902731672099e+00
1.258013733059522465e+01
1.246512581876118730e+01
-1.586804638147030175e+02
-8.120945885127429875e+00
1.250790763304282649e+01
1.287221003822743626e+00
1.478625953083380296e+00
-7.823846335404962815e+01
-1.543256492909484621e+02
1.153526903265872328e+01
1.255986134972652479e+01
1.609907519152377731e+00
1.236070543167159563e+01
1.168339074115313636e+01
1.254005790192993608e+01
9.178200622239707229e-02
-1.551188170871095195e+01
1.250894713903515765e+01
-2.594235833785425029e+02
1.195004213212095223e+01
1.252734818404044681e+01
-1.360023715061071812e+02
-1.309599161596808585e+02
-1.088701629577508498e+02
-2.086654045950805028e+02
-2.084166595850336421e+02
1.068439804482929034e+01
1.249084061183942751e+01
1.249582806828477644e+01
9.059123792354894178e+00
1.217834441472954587e+01
-2.081274353057221447e+02
-2.225170754011418808e+02
1.020933673385141560e+01
-2.183416713062570125e+02
1.245719479768884064e+01
1.250676795540089792e+01
-2.446691080730554404e+02
-2.473849420270600490e+02
1.253757464274989175e+01
1.152925803581900688e+01
-1.773829118695386171e+02
1.198625286901431863e+01
1.243005403601471137e+01
-1.311420930477041580e+01
1.251225023890237154e+01
-1.833550619031883571e+02
1.207108243923870639e+01
-2.616631136937807014e+02
-3.124626226222379444e+01
-5.870809886591301563e+01
1.622449791745674830e+00
1.234445850129847244e+01
1.176323969983575246e+01
1.088951445617794533e+01
1.245227349764227753e+01
