-1.241909907637930957e+02
-2.563251681733313490e+02
-2.882086590200904084e+02
-1.120067140250046691e+02
-2.063517102525615883e+02
-1.304258514489869185e+02
9.848456923657419537e+00
-2.345532716781979445e+02
1.238671758845573123e+01
-1.735593243377711019e+02
-8.815958984188822001e+01
-1.887515109264672333e+02
-1.005108888349633673e+02
-1.096296767667926702e+02
-2.151649430737009254e+02
-3.459521880344004785e+02
-1.032538542370492536e+02
-2.686911119921117574e+02
1.252945038416396351e+01
-9.873671245037353117e+01
1.240826569515929734e+01
-3.076365325509191848e+02
-4.747964279831198553e+01
1.449774787377572594e+00
-1.267497305573730699e+02
-1.303571426602665895e+02
-5.283261176168202411e+01
-9.679636319389315702e+01
-9.053386019363172466e+01
-6.909649613549271407e+01
-5.251739915353986987e+01
-3.856488884245251825e+01
1.251760548017889185e+01
1.032335759546800347e+00
3.071660207859629566e+00
4.082973563793167671e+00
-3.572672270987427368e+01
1.131994977019712856e+01
1.248329566315518946e+01
1.154411409592418103e+01
1.190561398126068049e+01
2.161351034279261896e+00
1.249086794807671197e+01
-2.490129874271002564e+01
1.257696091792290005e+01
8.491251845249031760e+00
1.252129286398060692e+01
-1.224102868046361010e+02
1.216588849604763212e+01
1.177628099139321982e+01
1.251556883886160421e+01
-1.756044691782817324e+01
1.249366034624599209e+01
1.137193381358677513e+01
1.250326661990415111e+01
1.239892486525217308e+01
1.239351913751191070e+01
9.472035898876150384e+00
1.126974962418835347e+01
1.223541268750922661e+01
1.241202340657752856e+01
1.091722525542682476e+01
6.559168493136349198e+00
-1.841551093616356738e+01
1.217758887244522903e+01
3.716727616547830237e+00
1.214919046235271693e+01
4.540742015911542140e+00
1.125156958809711050e+01
1.250177091368840188e+01
6.429060442432405154e+00
1.139962907417547733e+01
-4.166109878601481853e+00
1.191472563932147644e+01
7.320073418222190043e+00
1.217236989992614582e+01
2.967205565159828140e+00
2.671089971599293733e+00
1.097531154129259789e+01
1.231913386263120991e+01
1.028650875837558587e+01
1.252087542710087043e+01
1.185937671622975920e+01
9.766254672047054441e+00
1.242216309605648128e+01
1.247089160433640131e+01
1.183161737963165550e+01
1.250042443667929071e+01
1.248231252534933233e+01
1.082590778089866568e+01
1.073079068999993524e+01
1.209055775336481453e+01
1.040231816556110545e+01
5.701912190751071918e+00
1.245890016058170957e+01
4.449496577796519858e+00
1.036879252794245332e+01
1.163283566832900284e+01
1.182785418995461946e+01
1.230149125254221865e+01
9.467754046615695529e+00
1.154027719673463537e+01
1.246036242708443531e+01
-1.751169332821219982e+01
1.256020700520640965e+01
8.421966681652254039e+00
1.196302620641488090e+01
6.330098885055083002e+00
1.247138249435871771e+01
1.247636833279629442e+01
1.250871039190979417e+01
-1.911380327709828464e+00
6.955982524825360613e+00
1.234964606297236323e+01
1.138521743613667070e+01
1.202667145593371423e+01
1.252339177458446962e+01
1.105598798490022183e+01
1.000820982696014738e+01
1.207758860382067923e+01
