-1.974900235495913137e+02
-2.315595699354483372e+02
-1.579463690868121830e+02
1.255058456517958376e+01
1.014452584522560841e+01
-1.973882420873698891e+02
-1.730698734054235786e+02
-1.829296980364856040e+02
-1.264555492763249873e+02
-1.163642921196209272e+02
-1.810556443297524254e+02
1.249240745272511255e+01
1.250593072019649199e+01
-1.123207457390377684e+01
1.224097712621660961e+01
-1.623897312524602228e+02
-8.258692425084075239e+01
-6.304389950732355885e+01
-3.735998372472270290e+00
1.240367161423548836e+01
1.257580098943559754e+01
-5.309636043769152991e+00
1.055671247644294297e+01
1.929324504591308553e+00
1.230098921551246782e+01
1.242829232244219106e+01
1.508103967836767367e+00
8.267186828617239414e+00
1.239002049388889226e+01
-3.651510179801245215e+01
8.252416377160242789e+00
-2.118705994116357516e+00
1.202134262333912140e+01
1.228807198939690082e+01
8.246617907114799806e+00
1.151789441097911570e+01
5.852291657889001186e+00
1.075265733932742762e+01
1.132016631293974740e+01
1.045352593304103195e+01
-2.061617245052893210e+01
1.085318195412765263e+01
1.039035715569375640e+01
6.141100904660181214e+00
-3.385578767261527844e-01
9.341870535404854792e+00
4.529867379593440546e+00
1.210654199169103151e+01
1.253911757609735034e+01
1.245767168294016791e+01
6.271692941057281701e+00
1.236730775399928817e+01
1.031897785112779786e+01
-5.368200957702068621e+00
1.234536505558210706e+01
3.904162189417720086e+00
1.221951547656289350e+01
1.235053467680067918e+01
8.218726667516389028e+00
1.064627832024977572e+01
1.077418124313382997e+01
1.221553706618364288e+01
-1.103599918464462206e+02
9.080837249904512021e+00
1.252428024239791782e+01
5.800083470558876186e+00
-1.962967887459748511e+02
7.894760728657260529e+00
1.258312535850394021e+01
1.204274108820497169e+01
9.452586982881557631e+00
8.823413101196855735e+00
1.245268950860539370e+01
9.951889564307485614e+00
1.147655208297806340e+01
1.082130163980452053e+01
1.019063031733403335e+01
8.272449942130155165e+00
9.491095148456878405e+00
-1.991226787708160373e+01
1.179191305488702923e+01
1.025214308891320414e+01
1.213458337219701910e+01
1.193966837631474931e+01
1.255327101355187125e+01
1.148867553902904071e+01
1.150369071745042149e+01
4.111950106814992623e+00
1.254760192339769631e+01
1.242320066504509235e+01
9.428708526968971881e+00
1.242818702350829518e+01
1.249555076658776187e+01
-9.832298680975316785e+00
1.118400037159781490e+01
1.106463856177905214e+01
1.093982259261006007e+01
1.251468082661384429e+01
-1.436111341306257998e+02
9.558278261026046607e+00
1.240066263627128151e+01
1.221240902886654744e+01
1.199649472804541972e+01
9.647410929078500175e+00
1.009212912085350311e+01
1.236847493163465828e+01
-1.034995662135106897e+02
1.227669327268830557e+01
