-3.790352761748718535e+02
-1.096386009018577568e+02
-1.326367028340304728e+02
-1.271200333577020416e+02
-7.640273381248709939e+01
1.254016758605864723e+01
-1.293706093828853341e+02
-1.508419706044844872e+02
-1.465298548283016942e+02
-1.525353588384448074e+02
-1.900214685474837495e+02
-1.386885834075863784e+02
4.834148885847259436e+00
-1.398290010911832439e+02
-2.369194104860124526e+02
-1.978923895605254870e+02
-2.779088282912766772e+02
-7.505000586094205062e+01
-9.603747815425238343e+01
-1.345695999573762549e+02
-1.965817247664180911e+01
-9.007286126064491327e+01
1.254741187867411867e+01
1.237640794577521852e+01
-4.776253114379178299e+01
-1.632506866420310416e+02
-5.932845828987541381e+01
-2.285288575491039609e+01
1.227818777104125481e+01
-4.435420249253549230e+01
9.735280191899795099e+00
1.236163616097670115e+01
1.252587772309740899e+01
1.229855698775271478e+01
1.244496315613209703e+01
8.495106261776577128e+00
1.235182742967116987e+01
1.255913860585937591e+01
-1.861885242608214952e+01
7.856640785791149106e+00
1.224973032387389793e+01
8.337702326816128107e+00
7.146250855011666125e+00
6.675071507390034853e+00
1.202760505746035591e+01
1.043823091231398337e+01
8.436068162223151035e+00
1.041831846909787629e+01
9.604956040814466078e+00
1.241810257540099371e+01
1.252202158877280880e+01
1.201775135455057786e+01
1.149799343410083985e+01
1.220151455146988262e+01
1.255045986044072315e+01
1.104322851670788808e+01
9.325280941783413269e+00
-2.290486619635116483e+02
1.251587080546263131e+01
1.143733167991494604e+01
1.236993190732435011e+01
5.631020554406079626e+00
1.250160407208415059e+01
-4.365202801507614083e+00
1.118772342753362636e+01
-2.106404911673394054e+01
1.104318312737762220e+01
1.252151168421503513e+01
5.425900405705492702e+00
1.105023810893891678e+01
9.717597549214708863e+00
1.232867336515264256e+01
1.216018866879188387e+01
-1.499686050520225251e+02
1.246094319624254432e+01
1.256477738741854111e+01
1.250714062459870846e+01
1.213009686266204668e+01
1.231884685406911828e+01
1.248277511599470913e+01
1.135548832717878831e+01
-1.268732394269918018e+00
5.999100955317839379e+00
1.229381885534691676e+01
-7.171646583322696245e+01
1.250860537269461759e+01
1.063502077224692499e+01
7.934558152418315302e+00
1.067212040274236173e+01
1.222794895986064212e+01
1.087251713479213500e+01
1.145994233350922720e+01
1.128631102800392405e+01
1.016461839413841517e+01
1.234236976885155457e+01
1.097262570863070152e+01
1.215080458490266402e+01
1.026601962589687389e+01
1.201366613121951055e+01
1.206239597652062479e+01
1.169951175901047691e+01
1.202954987255128572e+01
1.065511362044748722e+01
9.531664217136318840e+00
8.285594047967908438e+00
1.222624940218331169e+01
