-1.411591229678319905e+02
-3.423373982959078603e+02
-3.638787560531736176e+02
-9.853907248548456721e+01
-1.413800652309796249e+02
-2.319747087006147410e+02
-2.110273170234360975e+02
3.748735251069918561e+00
-2.097984507363098601e+02
-1.103405012144223747e+02
-2.371063774660168519e+02
-3.824967443551249175e+02
-1.000011625500183214e+02
-3.881111870642320696e+02
-2.864082775767446378e+02
-8.186531052583157475e+01
-1.237329547133978025e+02
-2.426401375932608744e+02
-1.007047759653207493e+02
1.240517950934509805e+01
1.252220371012795219e+01
-1.230970478151430996e+02
-7.613648502121012029e+01
-1.748845685712713305e+01
1.234997603637180141e+01
1.091693210660064572e+01
8.432962437750497031e+00
1.951421930192470455e+00
-1.546683974794815128e+02
-9.608011134185534985e+00
1.034280396175381611e+01
8.016979763329164399e+00
1.246079974174813998e+01
1.225705167260495898e+01
1.101759710543388593e+01
7.980468427209282289e+00
8.807853276662179098e+00
1.135051867235335976e+01
6.425773605279008649e+00
1.060073392609134402e+01
7.223867120888100679e+00
1.252600448748691164e+01
1.223384218432455661e+01
1.054790907374437126e+01
9.397733974950984503e+00
1.156129564862913028e+01
1.053052457628585792e+01
9.636756843982565712e+00
1.109650500701097009e+01
1.180775112690511008e+01
8.604776970060481034e+00
7.995833950478419716e+00
7.562877790705275771e+00
2.981478035920199332e+00
1.109524369790111820e+00
1.250442454761271804e+01
1.252156524513938507e+01
1.121974851408686824e+01
4.240761114442662461e+00
6.470237421283345114e+00
9.055070636829544384e+00
1.243701312261668690e+01
1.222151747777347097e+01
1.231502514680922644e+01
1.240681344801303609e+01
1.792566199656480563e+00
4.143745637282178151e+00
3.497081075851445675e+00
8.398825484563621657e+00
8.196306665152480520e+00
1.167600797944429658e+01
7.801170660879492402e+00
1.010237571922187172e+01
6.332557103451424751e+00
1.219288831630575842e+01
8.392303638788220610e+00
-1.073740079169681536e+02
1.132956594661165894e+01
9.152421980570473181e+00
6.077239889319372423e-01
1.249536090658738985e+01
7.530506382442935909e+00
9.643952417244724629e+00
1.049202108227023089e+01
-2.898330453530408946e+01
1.255316508040353973e+01
8.781875293769584090e+00
7.076128603844496823e+00
1.232716581520081434e+01
-1.706293947832371316e+00
1.192682718900538497e+01
6.369721966239467292e+00
5.176475276484158172e+00
1.241609618083700362e+01
1.242558615807265276e+01
5.500728929625664065e+00
1.051897562036198508e+01
8.955207709429515717e+00
-3.501526142155508836e+00
1.232881357058164795e+01
5.427666808166286216e+00
-3.007888277754414830e+01
1.242268307838291541e+01
1.245954703587884360e+01
4.691292626312728586e+00
1.199371094380328806e+01
9.422002267953400789e+00
4.339787448290874039e+00
6.324482770932039699e+00
-1.948921537544335791e+01
1.072569032698578440e+01
1.229181646695325547e+01
1.154092706599881524e+01
5.921181207780067624e+00
6.479839113554538343e+00
1.099360818525487815e+01
1.221806347828793982e+01
9.928880465222544416e+00
1.085382892853945513e+01
4.370298188028717945e+00
