-3.232411913175080258e+02
1.230086584338318367e+01
-1.562303106049573955e+02
-2.049058476323318700e+02
-1.435934890580709293e+02
-2.262671913504772476e+02
-9.902535946371794751e+01
-4.465547838343870239e+02
-3.901319286409683400e+02
-9.062017264058444255e+01
-3.221436512002174481e+02
-2.273206738612236677e+02
-2.118167285806664211e+02
-1.742802708047394447e+02
-8.600534544814249216e+01
-2.131332612380041098e+02
-1.581034458183458469e+02
-3.379169966223527126e+02
-6.220276000787079340e+01
-1.369126911806147859e+02
-1.314614637563720692e+02
-2.785155108215626001e+02
-1.064064868518132130e+02
-1.435916539237257439e+02
-1.118121445228684792e+02
-1.556565245757712148e+02
-1.209640266200636489e+02
-9.710078368828206408e+01
-1.170690426661968360e+02
-5.630241725131880060e+01
-7.898277040020921902e+01
-6.997330349255931026e+01
-5.389337291368612171e+01
-5.715965012259077582e+01
-1.035344408074386990e+02
-2.784400604086774820e+02
-2.672448458886329092e+01
1.254743683899847717e+01
1.206207895534164898e+01
-4.964910328008577522e+01
-5.784488741061512229e+00
-1.189625793497524242e+01
-2.772468845570376317e+00
1.252680786290521553e+01
1.226499997410105891e+01
-1.583001827460119415e+00
3.483742544189743384e+00
-2.526226481062725071e+00
1.184453146320105077e+01
-5.688731875381115799e+00
1.238775981641470736e+01
-6.201303234332831380e+02
-1.330553667387126779e+02
1.249273445181531983e+01
1.754762910030455814e+00
1.249815852524628568e+00
1.245196419418272527e+01
1.246688519449408616e+01
2.515929505487587647e+00
7.080875515436492407e+00
8.187864418104755515e+00
1.378184800383934316e+00
5.315724506906295943e+00
1.051672612384833982e+01
1.252779685376579799e+01
1.076158564914732807e+01
1.126823886155337284e+01
7.081915581116835057e+00
1.230294183507140993e+01
9.175387376730750333e-01
-3.270802734982531774e+02
1.109384503285965096e+01
1.144471307392302428e+01
3.827772348204161901e+00
2.526529670925659943e+00
1.211432621332122217e+01
1.225218251602121100e+01
-4.892302690330708970e+01
-1.605332310215490210e+01
1.945442852780287168e+00
-9.610854760453193535e+01
1.224785391623614927e+01
1.228620934586955826e+01
1.240272768837890105e+01
5.397437600743257846e+00
1.247731772552200802e+01
5.492658530839086950e+00
9.928341052582172921e+00
1.250486739890420651e+01
2.221466356415801258e+00
1.209359712206485682e+01
1.025534904767182987e+01
8.187078280676301389e+00
1.173382482809381955e+01
6.636245574741980846e+00
1.212806438343363880e+01
1.114862000485099536e+01
1.199458275832165910e+01
7.861934029516084443e+00
1.192318044467049276e+01
8.844228591484245783e+00
1.176683039294356092e+01
1.136911349870262100e+01
1.250526654852741260e+01
1.721206659569736175e+00
7.967502219671659169e+00
5.403964072524614082e+00
1.256136047912748843e+01
1.216773685378272774e+01
1.219651960732584861e+01
1.101661681399324522e+01
1.250586280547716989e+01
1.136466647780776285e+01
1.236356444996371273e+01
1.202806528787682083e+01
4.302024336641542490e+00
1.226042774490892917e+01
1.234231850159347310e+01
1.243572553406091785e+01
1.109836874894716274e+01
