-1.397785904427675518e+02
-2.268787020006364799e+02
-2.629937837945330443e+02
-7.905276371084555365e+01
-1.962983262127594628e+02
-1.034276723988683244e+02
-1.634585594017460437e+02
-1.571392389813461250e+02
-1.446624975111277251e+02
-2.398068438394790860e+02
-3.474733256272581912e+02
-2.533581279823275452e+02
-2.101599341843513002e+02
1.243265998331376210e+01
-3.385558989649125010e+02
1.155611689127242769e+01
-8.849151511352445709e+01
-1.271113822665663662e+02
-1.672671588009597201e+02
-9.942480433390829830e+01
-1.186051786437265463e+02
-5.733276739343025952e+00
9.606745457233930807e+00
1.180193593134886498e+01
-9.642623439519614692e+01
-8.629859970259074942e+01
-1.000121601302264196e+01
-3.187977813564237550e+01
1.231573679821537937e+01
-1.353420635522408304e+02
-1.831387686814271660e+02
1.246761879179228849e+01
1.252566777585371582e+01
1.232270175266195800e+01
1.253412884902662583e+01
1.207532711689105120e+01
1.242632996974842285e+01
1.180314600074411047e+01
9.098027567532600557e+00
1.249875293256954478e+01
1.255301227737465375e+01
-2.819806182540857549e+02
-9.130043468119106365e+01
8.946450692394982696e+00
1.101268054218544457e+01
-8.795151853650882856e+01
1.218480440253791031e+01
1.219885076923735667e+01
1.233827026474298272e+01
1.252814436444418433e+01
1.205702001221369812e+01
-1.743646201846908639e+01
1.228097199643551107e+01
-2.817446542816526645e+01
5.652990128718116125e-01
-8.845915723222297800e+00
5.906108309413909296e+00
9.978745928671408194e+00
1.246980615848744378e+01
3.414398542056437336e+00
-8.062354037067176904e+00
1.062778028232785665e+01
2.075702119568004989e+00
5.266289590198573123e+00
1.252206165463897314e+01
1.158232870366278178e+01
7.338051607810826660e+00
1.211872135701619690e+01
3.364906689401326645e+00
1.241483092482284256e+01
1.039325165702285858e+01
1.151749937847286098e+01
9.288849142326867536e+00
1.200124633764901816e+01
1.013750376064416692e+01
8.625677667771299184e+00
1.193041027886116723e+01
1.217782442237433393e+01
9.086618648801499276e+00
-9.498815625999409917e+01
1.203119350921472019e+01
9.189680862311247367e+00
-1.708267476111262226e+02
1.219692762200332403e+01
-5.475259481058225219e+01
1.239746511592427325e+01
1.931460965197905111e+00
1.190323715542790772e+01
-2.480918074641996895e+01
9.679554879295135805e+00
7.136525190388537609e+00
7.449850202302336299e+00
1.169385053663910590e+01
1.171543483929354323e+01
1.140704588105920791e+01
1.248854415046736044e+01
6.796010019101252908e+00
1.160832961827278709e+01
1.179931231578406070e+01
1.139670748546318535e+01
1.240027962276143647e+01
1.185172235937425000e+01
7.816471657075339863e+00
1.232744226399438858e+01
1.123491994489065959e+01
1.217451159528709326e+01
1.157842709470226872e+01
1.124521127284435451e+01
1.238291326360314137e+01
1.212647327555712273e+01
1.158031695822929485e+01
9.736532437543678142e+00
1.159615046819003226e+01
1.225152169704954730e+01
1.094222093611933566e+01
3.495544504805776498e+00
1.044049145403323209e+01
9.557535765437213726e+00
1.240894872693509399e+01
3.070572697601571477e+00
