-4.906203959600781559e+02
-1.346321914063933320e+02
-1.682634236321640628e+02
-1.585368960138697787e+02
-5.523980417312043301e+02
-9.090477742525550298e+01
-3.223658914136105977e+02
-3.763117665864402994e+00
-7.558133076863465760e+01
-2.332604687162065034e+02
-1.400355832000012697e+02
-1.035087652675869236e+02
-1.860976988016785754e+02
-1.202404043233452455e+02
-2.717000967887814227e+02
-9.860861201062485293e+01
1.239803783218249578e+01
-1.069136830163691627e+02
-8.336851795187848779e+01
5.172254290556109524e+00
-1.655944275795982890e+02
-1.160945676983614305e+02
-2.097873020504177077e+02
-2.878100127417765748e+02
-8.182097428934405059e+01
-2.682990195502509891e+02
-7.292400521297518878e+01
-1.315484161954568663e+02
-6.560096473147585527e+01
-2.673487828686523926e+02
-6.549051926051052419e+01
-9.057389996979676283e+00
1.245390458356744823e+01
1.255778939825471596e+01
-9.962377691063046825e+00
-1.642451803316370373e+01
-1.318100576354570705e+02
1.243767654654646293e+01
-2.402035115956934419e+01
1.245917570204190739e+01
-1.963754769267428202e+01
1.256174275374213778e+01
1.020248186702521664e+01
1.236402045814341122e+01
1.063565102524739459e+01
1.231901806565421609e+01
6.882278890056646503e+00
3.994748689434143074e+00
9.512074712120707431e+00
1.134708232330540056e+01
-1.976057150029632226e+01
6.913568530452948835e+00
1.134402180275507988e+00
1.247979248034312327e+01
1.196373221105103113e+01
1.229589285273423371e+01
7.324207948617324604e+00
1.183226924395869872e+01
9.165363054797927234e+00
-8.550534916641383631e+01
1.074800371511891584e+01
1.200134370670537187e+01
-9.723503532895588108e+00
1.253273546782923376e+01
1.057136528768286610e+01
9.137006735269700641e+00
1.185811477168870454e+01
1.256313587457566605e+01
1.255215149808042696e+01
1.223945854230479213e+01
6.910678140266282909e+00
1.232436192296096067e+01
1.216241944613752679e+00
1.026247366483375600e+01
1.251272300004324833e+01
1.256973555511374308e+01
1.240836595188888047e+01
1.179627405946148855e+01
1.024594780145949002e+01
9.143106269623217486e+00
1.154188824952995773e+01
1.230047858848713993e+01
7.073980087289835517e+00
5.864247962850976492e+00
1.253236497568492425e+01
1.097174018321944544e+01
1.143045523350208015e+01
1.171420021639587716e+01
1.220187518887441769e+01
9.277232218008006015e+00
1.256312212362502478e+01
1.219987608161786063e+01
1.232862556888693284e+01
1.229464800213556330e+01
1.237677173067842773e+01
1.033633659442474340e+01
1.235303744837682416e+01
-1.999778902642742935e+02
1.250838753446722151e+01
-3.774345614524062285e+02
1.243190728895021380e+01
1.241337988791699765e+01
1.250011100839554956e+01
-2.575837925980031784e+01
1.189566420789265067e+01
1.172083212557752852e+01
8.753104700668774996e+00
1.198831247024235935e+01
1.240862400875570515e+01
-9.039210145214873648e+01
9.695097573800371293e+00
1.230815686252300445e+01
1.229745143920259132e+01
1.247288484335250125e+01
1.239208095173221125e+01
-1.099635253116981559e+01
9.695612853124320196e+00
1.205371838550901309e+01
1.250708596182019505e+01
1.205780211287877179e+01
