-1.556284262501582702e+02
-2.018363831557089441e+02
-8.035504124644096180e+01
-7.779391459835123612e+01
-2.118744466239669748e+02
-1.185024150405524779e+02
-1.648517971667523696e+01
-1.202615111424066328e+02
-3.785533928352912767e+02
-1.390127820908784599e+02
-1.722247982207193218e+02
1.256594487781754665e+01
-9.002159497827709345e+01
-2.035187800310972079e+02
1.223687387699558471e+01
1.247755850709333814e+01
1.248888705049374437e+01
-6.066454576908880370e+01
-9.250917268477530797e+01
1.172459332331518311e+01
5.175916985846393814e+00
-3.141709906336760838e+01
-7.071018627737524298e+01
1.252131732818769905e+01
-3.886272922750677594e+01
3.476934555636486124e+00
8.966678028847320903e+00
-1.467236105118592207e+02
1.233294040381111323e+01
7.349751530466598126e+00
1.245909253884156165e+01
1.246209739721809839e+01
8.584511639144276174e+00
1.179522816043345301e+01
1.033781588832221487e+01
1.248748673199243875e+01
-1.834578988494093039e+02
7.269368639160357581e+00
8.035926604869843004e+00
1.243277087898882804e+01
8.547664617458764269e+00
1.155503405502338410e+01
1.252844305513609768e+01
1.256092314319508674e+01
1.209362189707449353e+01
1.241321968713479507e+01
1.232331660380421390e+01
1.176678266737613221e+01
-4.309623768888290840e+01
1.239221572296044371e+01
1.039178839912606911e+01
8.940782069087529038e+00
1.248878913906689725e+01
8.896208726087149188e+00
1.065222883670428367e+01
9.646945123173868097e+00
1.246116844094954601e+01
1.254776979357613698e+01
1.095805787819827515e+01
1.246849586034363888e+01
1.131889371714826709e+01
1.101257371820185682e+01
1.249936715227107342e+01
1.242918389247198796e+01
1.188703393177728884e+01
1.162179348667977408e+01
1.238566740003991917e+01
1.232373316037410049e+01
1.160559216720118414e+01
1.247521689314221227e+01
-1.376974060598961103e+02
9.734467403305600897e+00
1.004408503581306888e+01
1.151852523479758972e+01
1.156582442193590410e+01
1.254698359152630083e+01
1.119930803724166601e+01
8.958889049621820533e+00
7.831294970698202462e+00
1.181686995626511205e+01
1.255724270642603102e+01
1.252808207629977133e+01
9.287813335414252691e+00
-2.800320428898172764e+01
1.140217392006030117e+01
1.199145745596149126e+01
1.241623158750035039e+01
1.224998606874327578e+01
1.105613231973015687e+01
1.235900103543418282e+01
1.202354212060626359e+01
1.165197155588320399e+01
1.235067008667045485e+01
1.253684908329228165e+01
1.111730281594233993e+01
1.220316944691298389e+01
1.127768320140298464e+01
1.040924999415922869e+01
9.827517841046432778e+00
-1.647697045583927888e+02
1.200435378606803383e+01
1.253239556656228970e+01
1.253992957770167926e+01
9.880843676899505823e+00
6.635568160922160175e+00
1.045434483878729282e+01
1.166282866477196478e+01
4.798138761691774334e+00
1.113023035981747810e+01
1.149418948078702662e+01
9.495121087014659622e+00
1.138203830087407376e+01
6.867205559064270659e+00
1.248450548233507540e+01
1.254025932886634465e+01
1.238570037628191578e+01
1.251537593908955870e+01
1.255988909822309019e+01
1.248183967087348201e+01
-1.615690966794447192e+01
1.242070700200794420e+01
1.233814318385673481e+01
1.209265653224815118e+01
1.255585511355732642e+01
-1.076709928916514514e+00
1.146876518873625628e+01
1.228214498401659860e+01
