-7.375735513484643491e+01
-2.947105088041209910e+02
-1.600550128811182162e+02
-9.218734276649418291e+01
-9.430694771968147450e+01
-1.906056344119675430e+02
-1.324382649244883510e+02
-3.544425127092505932e+02
-1.105357769382959248e+02
-3.211333822100131670e+02
-9.722951340088897609e+00
-2.110254346287162548e+02
-2.070821258408833643e+01
-9.065122916237145034e+01
1.198991711021005280e+01
-2.198482885466985977e+02
-9.380899527161378160e+01
1.196227036381234932e+01
-1.456026780437899220e+02
-7.580184598061924817e+01
1.224391333511637825e+01
-1.606850866107706395e+02
-6.213347999608294003e+01
-3.952907276620105392e+01
-8.300798574452197442e+01
1.239805079590055570e+01
1.243587430984404030e+01
-5.323318792742753658e+00
1.212397634693334680e+01
6.432264325734371013e+00
8.741009201994991429e+00
1.253410346004502784e+01
8.316707157856052746e+00
1.174369240273436965e+01
8.152606717247596890e+00
8.685982163224334585e+00
1.159343079376462882e+01
1.215988686361448501e+01
1.235183571031298300e+01
1.254232916835364620e+01
1.203523101578057286e+01
1.252953940450525039e+01
1.158975917659038757e+01
1.229808484487339015e+01
1.250040876269542345e+01
1.236426097972424643e+01
5.811398382666652651e+00
-1.076548586950179143e+01
9.048819344979108337e+00
2.046587217457359387e+00
1.252945426993733413e+01
-2.674081920661201650e+00
-8.333221475636765518e+00
3.672512975717051376e+00
1.186389817241729538e+01
8.156287891162047998e+00
1.064722631652647067e+01
1.249657421673802205e+01
1.246251547124818515e+01
1.249880937982958251e+01
3.576406720006730211e+00
1.125361559833327618e+01
1.165245748655746816e+01
1.175402136620518689e+01
1.238260366227503440e+01
-1.570412281868754576e+02
9.452105756172525020e+00
1.151641020366129453e+01
1.210790076722045683e+01
1.161447473356864357e+01
1.236944534309677302e+01
1.072172729993157247e+01
8.389839112422670553e+00
5.947502858892423916e+00
8.182416417897712790e+00
9.462352478809084033e+00
1.155381986838419550e+01
1.234910570376622019e+01
7.223920215420029045e+00
1.255966776758919323e+01
1.214763668583945488e+01
9.835707053006501610e+00
1.226232969307184639e+01
8.873990795777144669e+00
3.952912872382132292e+00
9.582864673379360099e+00
1.197196169712596614e+01
1.069351909816320045e+01
8.381821650359967180e+00
-1.415719037572634953e+01
1.376283776277272608e+00
1.095935587369525166e+01
9.970309368112776127e+00
1.566559062629783838e+00
7.505605885259083898e+00
1.089060781192681304e+01
1.256299434765408130e+01
1.228359093901802623e+01
1.243303651979061364e+01
6.400480318018782810e+00
1.205659713014137502e+01
1.005890291778886336e+01
9.659549416905772290e+00
5.890296731446543532e+00
5.162264848313208532e+00
1.150821685519244753e+01
9.060202482979210714e+00
