-1.800753890497514362e+02
-1.951161329863779201e+02
-2.121944289300243724e+02
-4.587247320176117000e+02
-1.681490433823821320e+02
-8.300367936217466536e+01
-3.464963346219806795e+02
-3.071782855190500783e+01
-1.376378887590621503e+02
-2.858622576065165504e+02
1.254706225613255199e+01
-1.798289507740409761e+02
-1.082453970671233634e+02
-1.092380858880025301e+02
-8.539762231944749260e+01
-1.068131895694246936e+02
-1.419888478038297990e+02
7.630038699583209016e+00
-4.616617620070775843e+02
-3.267841829920765662e+00
1.138167604509368047e+01
-2.330406902377038705e+02
-3.101534283688633309e+01
-1.064097406491131892e+02
-4.441556945933432132e+01
-6.335619905556496434e+01
1.238629872268438348e+01
-5.194734219606647230e+01
1.256537490194257067e+01
-4.004938963441878030e+01
1.246545288301900989e+01
9.152030087857870200e+00
-7.003745848200607327e+01
-5.099531264022818533e+00
-7.853899138443446759e+01
-2.748772690630428173e+00
1.213659685735999361e+01
1.255232615039149735e+01
1.254789138910086521e+01
-3.601962938146328952e+00
1.123284857301967143e+01
-8.688859899767926720e-01
1.254931694199387593e+01
1.249524583997102667e+01
4.443291233297015808e+00
1.094798033355860412e+01
9.663829137760632904e+00
1.065017093086408906e+01
1.126728435620879054e+01
1.197483464883803705e+01
1.105761360654994441e+01
1.212853893706725472e+01
1.246863467519454360e+01
1.251469095761147976e+01
1.135981906616291859e+01
6.544197132898181835e+00
1.108293014468574356e+01
1.068713824339431895e+01
7.743826204583760031e+00
1.255067403267439374e+01
1.072994797563531755e+01
1.231124272230447758e+01
1.059094845954647113e+01
1.194586797305440307e+01
1.229468071264445683e+01
7.708036557031202385e+00
1.254767806473363301e+01
1.195331827557784443e+01
8.850513279705438663e+00
1.234148100036208717e+01
4.273227814751189513e+00
1.206782672274283641e+01
2.132564572023582627e+00
1.180199979213811901e+01
1.217152933488666200e+01
9.195324797951521134e+00
1.043578968096799819e+01
1.218246066310577191e+01
9.890691931617567434e+00
1.246165757774369176e+01
1.233647814150458366e+01
1.228822603806054659e+01
1.164995160585997169e+01
1.243146268944503241e+01
7.009549367798406649e+00
1.222100838881446627e+01
1.154044120505503734e+01
1.242309548498874250e+01
1.246917141078787594e+01
1.243814560917270029e+01
1.229560010975783513e+01
1.079480996386363145e+01
1.250847140806493663e+01
1.236752261468193304e+01
1.214497847978026535e+01
1.256306550804957567e+01
8.494053724114882797e+00
-1.160238853983497620e+02
-1.056687935163283143e+01
1.111602369866815110e+01
1.256415073624365775e+01
1.214360060288752763e+01
3.255765496893847200e+00
1.254455689451263822e+01
1.255323789640593546e+01
