-8.640395783478530234e+01
-2.113343315801587323e+02
-1.707233138560764871e+02
1.247803476627760588e+01
-6.534115307299562403e+01
-3.548072514278034078e+02
-3.667003320819234773e+02
-1.701342399113251247e+02
-1.145990587974665118e+02
-1.254228163954210089e+02
-2.689229098394636139e+02
-1.137998730396069078e+02
-2.329088416770906917e+02
-9.137689186718759515e+01
-3.402858736844815439e+02
-4.122962279043948683e+02
-2.655208573362955917e+02
-4.543989668874961581e+02
1.258204078325764463e+01
-1.890423637558759395e+01
1.227844911717147447e+01
-1.238102670139565902e+02
1.207520320019149906e+01
-1.300648778222870590e+02
-2.093775954825173642e+02
-1.530080921709736970e+02
-4.825119035802700296e+00
-2.450706630512125628e+02
-1.618643777724131496e+02
-1.498288481549291475e+02
1.242198687679965019e+01
-8.665317241601580633e+01
-5.946666870938760496e+01
-1.721085833925607176e+02
-2.037425607099973490e+02
1.254833555593544858e+01
-1.859000898116757412e+02
-6.467559951817069219e+00
5.624791245066360190e+00
1.083463870951945651e+01
-1.190755181176880910e+02
-3.096021102881519482e+01
5.560125315772131316e+00
4.642090522886233472e+00
1.251509672810122176e+01
-3.167216369985450086e+00
1.254578905655805521e+01
1.245919937914771403e+01
1.244958284191160658e+01
1.187831124476329414e+01
4.260579513745028635e+00
1.243422398777363114e+01
1.257219397878076173e+01
1.256876804295503014e+01
1.208342168531472893e+01
5.262505886541200439e+00
1.254257407770449362e+01
7.239431158604319627e+00
1.175137366724165133e+00
2.902249199562772830e+00
1.242425782684543556e+01
1.239747118621094657e+01
1.164081049055019612e+01
1.019185776180668412e+01
1.157959527319186499e+01
1.104148225662190086e+01
1.099940140232422792e+01
1.130892129036604210e+01
1.221977698330338313e+01
1.247685936296430320e+01
4.328107391264760295e+00
8.010709976878704452e+00
9.416706863373775604e+00
1.248746651537864238e+01
1.162290028079478432e+01
1.175156405951827487e+01
8.595422661379128471e+00
9.064130995305106353e+00
1.163291580897870858e+01
1.142556065475341320e+01
-6.289677409960518162e+00
9.922232993418425906e+00
1.193251333280350401e+01
1.106110979710674869e+01
1.236590577387842771e+01
1.171972559370392020e+01
1.151594812840917470e+01
1.228503937428719084e+01
6.387805100462118801e+00
