-1.809872626132117261e+02
-1.836107296546678640e+02
-9.576541613461752434e+01
-1.872127916597876833e+02
-2.462531400911369985e+02
-9.394525119392868362e+01
-3.988944941999807270e+02
-1.929327155400147262e+02
-2.662568908811244910e+02
-2.594577946101202315e+02
-1.859400214685649644e+02
-1.420186193795824465e+02
-9.602952193000045611e+01
-9.744467091878641440e+01
-1.239552505270149538e+02
2.059027434754277408e+00
-2.447057845891183803e+01
-1.527760360252216856e+02
-5.586649242081484346e+01
1.234843721630810798e+01
1.081300346160055526e+01
-2.693832007434767917e+01
-2.261231056877637684e+02
1.239627769655124467e+01
-7.546911444611883013e+00
-4.419619303909215091e+01
-4.013453535393638560e+01
1.256431452548166128e+01
1.244732501552848447e+01
-1.047329329964871647e+01
1.246932465745962659e+01
1.232321654749435780e+01
1.244153575697755443e+01
1.237472887948751676e+01
-3.712690006293371425e+00
4.976943451883665048e+00
1.237362208369787808e+01
1.059977266833836929e+01
1.189941856587825164e+01
1.232140385316709796e+01
1.153506911805882318e+01
1.075211984770170304e+01
8.859296959275260619e+00
7.475807118828302400e+00
1.024507860422831840e+01
9.362439860031130934e+00
8.146804905970320476e+00
1.176422453217149133e+01
1.205227591705372880e+01
9.644950511984934138e+00
-1.801778291792195716e+02
-1.785137591957877135e+00
1.141350954050541233e+01
1.202506972490492387e+01
-1.214894680035186703e+01
2.790673939271846038e+00
3.978333443097147537e+00
-8.923060854454884350e+01
-3.259405210092841685e+02
-6.889781261428037595e+00
-1.281623847606608138e+02
1.253150498147945058e+01
-1.399967560694793463e+02
1.232591501737996964e+01
-4.004657576052219525e+01
1.139101111736585636e+01
-8.028550464442830048e+00
-1.382156763713896908e+01
1.231457417509403029e+01
1.107355005788714664e+01
-8.804927580036615353e+00
1.160348605211395423e+01
1.226023833892381631e+01
1.248453318662763856e+01
1.233997560607866184e+01
1.158006182512418469e+01
-1.595707198084749479e+00
8.747450436734519386e+00
-9.911056967105967175e+00
7.644924718557630783e+00
-2.181043850364367032e+01
-1.483484353586703719e+00
7.760273775222185755e+00
1.248956495744424089e+01
1.241464480135835302e+01
1.203411756635506080e+01
1.196210024215670131e+01
1.134259208601517521e+01
1.240930671324081658e+01
6.676682404096064616e+00
9.524456926342081076e+00
1.207436154105276849e+01
3.694177627114440199e+00
1.097461185079409063e+01
1.209837425392555055e+01
1.254632763963913256e+01
7.798597134066308278e+00
1.235091253339217587e+01
1.095838646905913905e+01
1.236206160803010334e+01
1.158083342448136221e+01
1.245817532221238721e+01
1.124586834602655472e+01
1.769523507649111593e+00
1.245546597179871995e+01
1.094626339902528755e+01
-1.231095940175404913e+01
1.232463722290756181e+01
7.919541410485732236e+00
7.797525906145983399e+00
1.012682461153067237e+01
9.844362001895687442e+00
1.240562543973621779e+01
1.028181468530635101e+01
1.248663126735040763e+01
1.097755518741421099e+01
1.058423078876264967e+01
9.524536604268117657e+00
1.079314561516047455e+01
1.140054756670917513e+01
