-2.060606521955194239e+02
-1.595435027406058168e+02
-7.248158665197172468e+01
-2.295808553119702822e+02
-1.844013858528012975e+02
-1.868840095938350316e+02
-1.810315952310472198e+02
-2.197733032916197828e+02
-9.424693945706054876e+01
-1.303744824993939631e+02
-3.866439850220404395e+01
-1.307340171541223128e+02
-1.763747853257623319e+02
-2.020881482091921555e+02
-1.563308600662121250e+02
-9.771127965414574135e+01
-6.095991666216762894e+01
1.215795837127491907e+01
-1.711813739258263922e+02
-5.317547744734100945e+01
-1.602154828379383105e+02
-8.937474234657267402e+01
-9.689926895276921925e+01
-9.803645191639891721e+01
-3.451257908559649934e+01
-1.739940573966440240e+02
-1.296845235291198435e+02
-2.602224847733001667e+01
-8.695815514099700749e+01
-9.783352467572248656e+01
-2.132766573751483463e+02
6.333616416863373288e+00
1.255140705105736210e+01
1.005892330288458147e+01
-9.527752325640510378e+01
-3.115789191546723202e+01
-7.642853196598498755e+01
1.238060866917725811e+01
8.949669683772128792e+00
1.205927759703917701e+01
-1.996124343392842775e+02
-7.727569704654573712e+00
1.232937087599835024e+01
1.134998280917030300e+01
1.218063036803693322e+01
1.132865221454981786e+01
6.915669153003241476e+00
1.155477621647333564e+01
1.226770591685843748e+01
1.251526499194816822e+01
5.288619318655802815e+00
1.098618758052898414e+01
9.453584118823766147e+00
1.246716398003703041e+01
1.251261242799916928e+01
-7.436665811592231279e-01
-1.862880970229341315e+01
1.169182685158763846e+01
2.443845609761474691e-01
1.231320397222078356e+01
9.655276858916520766e+00
1.056122252439323539e+01
1.037056172525059949e+01
8.867878298955831795e+00
-7.180167017022252907e+00
1.143510622967485624e+01
9.915885743118547424e+00
4.114884494059987574e+00
8.494808360265508895e+00
9.665026162319064085e+00
7.045363090084790336e+00
2.602608984596177066e+00
1.221143164728613328e+01
-2.909012743602374940e+00
9.930599166192173755e+00
9.484641275215963674e+00
-1.470032061460439650e+02
9.666522389475538546e+00
1.067041504253957207e+01
8.175940149545333213e+00
1.186403878520640909e+01
1.251662313702358986e+01
1.221692071528891965e+01
-5.033140761007840780e+01
1.207655244222962665e+01
1.225922891506995427e+01
1.090797029235158178e+01
1.110047929717203274e+01
-2.214496603988781231e+01
-1.194293005230086990e+01
1.170652725805555683e+01
5.909125426011447857e+00
4.057056274824178743e+00
7.276781198495203107e+00
6.971771641628608407e+00
1.174508022762360326e+01
1.108001020693365568e+01
9.460160078617292356e+00
1.106766526409566964e+01
4.857768283085814431e+00
9.149343231478017202e+00
1.250486132013630147e+01
1.186489381388203412e+01
1.091493702813742672e+01
1.256020182431540810e+01
1.150412641947376358e+01
1.239549359639292447e+01
1.117414205351359691e+01
1.254695537151128271e+01
1.065844250646090430e+01
5.073135863435341619e+00
7.002445987763781687e+00
7.255280572120567761e+00
9.379846923052838292e+00
-5.193601380637528564e+01
1.253778708180132639e+01
1.250581175265183198e+01
1.195270164849935313e+01
1.251328165741767329e+01
7.722425052484292785e+00
