-1.398342106340605824e+02
-2.649207401555726165e+02
-2.540673077876244008e+02
-2.580020006223343785e+02
-8.895312344661729753e+01
-7.921013361625499272e+01
-1.927151966917190009e+02
1.253972724966465435e+01
-2.997711438069300698e+02
-3.121385943226214295e+02
6.261049492037768616e+00
-2.835784325252208191e+02
-1.509794770641277353e+02
-1.207347057819651326e+02
-9.617105396690925545e+01
-1.227670341483888024e+02
-1.512794558615373433e+02
-1.084898109464729714e+02
-1.631460381818346832e+02
-7.790574202961803962e+01
1.207054279435189770e+01
1.249033359707981461e+01
1.045929411100681783e+01
-1.348491526514027896e+02
5.680246717476684637e+00
-1.280428336095986808e+01
5.577560655439466331e-01
-3.280623629418535359e-01
2.184487857566443481e+00
-5.044857861042860492e+01
-5.139380502123911754e+01
-1.417961891940442953e+01
1.256340869975437258e+01
1.039598204102663814e+01
1.070484305490538901e+01
5.062161744016576037e+00
3.757272710664846471e+00
7.174939021466355094e+00
-1.267640212209662991e+02
1.060544510099163595e+01
6.653601618396505657e+00
1.206177883696515529e+01
-1.097565704315599646e+02
1.191215117051012129e+01
1.136406645129907744e+01
-2.672607791678162812e+02
7.835620018187492875e+00
1.186802461848460055e+01
1.151536113549411589e+01
-1.973105417979702025e+01
5.163841484522919245e+00
-9.755336902089625539e+01
8.763954245836368173e+00
-1.765690768831294690e+02
9.626514985079614561e+00
1.244235680363725649e+01
1.219993600416974466e+01
1.215230856308196650e+01
1.230680978305018414e+01
1.221577567368832717e+01
1.212215761206191367e+01
1.256162327818967306e+01
1.087739220985324096e+01
1.229411171818333948e+01
1.188505947866958046e+01
9.961212416361949096e+00
1.250666042238429476e+01
1.254894733189976108e+01
1.253715493405295334e+01
1.249898482480285899e+01
1.241394592572948952e+01
1.213905538572179843e+01
1.189672090086969725e+01
1.169740931055920186e+01
1.238736186488511493e+01
1.155993013141067749e+01
1.160279851888355296e+01
1.197698526440423450e+01
1.139974086431413625e+01
1.059813088147312143e+01
1.087669397473092125e+01
1.142152181159544000e+01
1.037713053331779811e+01
1.248670762333875928e+01
1.215432478452107290e+01
1.232562462999826280e+01
1.243828019972351484e+01
-1.188136885108364993e+02
6.481541480472490235e-01
1.174703753158772024e+01
1.189011904545120402e+01
8.356945614024848368e+00
1.204443213023231785e+01
1.257361308952157941e+01
1.246420515575989540e+01
9.242169410037362809e+00
1.130356861104285748e+01
2.901539713214825511e+00
4.339545808121023640e-01
1.242885654537040452e+01
6.791751263817980444e+00
1.230848497655219553e+01
9.967159214207509166e+00
1.145803382319182262e+01
1.231168475331300627e+01
-2.551140450486145710e+02
9.506831276256949792e+00
5.772233671967285318e+00
5.934612879285007025e+00
1.256517920250799847e+01
1.121439540154043790e+01
1.242460489078199615e+01
-2.829273730002724960e+02
1.232577741449389563e+01
1.151643101823698956e+01
9.201117144627973587e+00
8.427566689830511493e+00
1.243108286595641587e+01
1.053763024341323273e+01
1.239345006542906624e+01
