-1.786299832274860364e+02
-2.041477029986978664e+02
-3.056081892010751062e+02
-2.135207967266239848e+00
-1.188942305391624359e+02
-2.519696513016390611e+02
-2.260350200875751057e+02
-1.055468155223904745e+02
6.479244088930579792e+00
-1.032066632972854165e+02
9.311968558351040315e+00
-2.127778046729524988e+02
-3.008202436873202146e+02
-1.610005013172658721e+02
-8.933153958331872957e+01
-3.580539481747842387e+02
-9.735213735634685861e+01
-3.117216635596029164e+02
-2.063683480108803678e+02
-1.777569301943910318e+02
-1.268038862726306917e+02
-7.925237222326271080e+01
-7.673371586642302589e+01
-2.415596275527425689e+02
-2.375395857077495236e+02
1.232135740029585236e+01
1.251684729032921339e+01
1.220004910532269271e+01
-2.096538481473521074e+02
-8.285806017250874334e+01
-9.026630906297420154e+01
-8.347530633908883146e+01
-1.501346881023504807e+02
-1.049995297852089493e+02
1.255073245715685815e+01
-1.213704714917292620e+02
-1.855905695081588362e+02
1.248422331607597258e+01
-1.340542215367430288e+02
-8.139632329295453417e+01
-1.537500955039455164e+00
1.219930959285852978e+01
-1.320796980925952084e+02
-9.355699917139847344e+01
1.234143263005968372e+01
-5.845776779538434909e+01
-2.494771067410794174e+01
1.251327304905920279e+01
1.253722795217730912e+01
1.253830288599933596e+01
-2.750974273936153125e+01
1.238165872581633487e+01
-3.394962669521599707e+01
1.248020402453689925e+01
8.570197764743467062e+00
1.237868621420055248e+01
6.597096217046177102e+00
9.561936741972328235e+00
1.205085573427409251e+01
1.216718210810497425e+01
1.246059720511043523e+01
1.242967558993981214e+01
1.173401069618964598e+01
8.199718637965361268e+00
8.070083046524892723e+00
-1.888447825189622051e+02
-1.394048688828551121e+02
1.253225909468582344e+01
-1.170120103242844607e+02
9.132423181362870679e+00
1.245723304949967059e+01
1.240617986364151548e+01
1.222743849980795616e+01
1.251416820624317694e+01
-1.624638654852908815e+02
1.206286737354629146e+01
7.137388519696723499e+00
-3.722128970717243845e+01
8.521792553595354036e+00
1.149739001346575940e+01
1.251802198223115070e+01
1.175534511886809597e+01
1.002753328893369655e+01
1.212455868575084494e+01
1.220486105492394557e+01
4.978557694434968539e+00
1.257012839021881589e+01
-2.611307820749926805e+02
-1.017461965153723042e+02
8.351567312668660037e+00
1.247959625752245572e+01
1.205731613330435792e+01
1.061330525197131536e+01
1.242948913800020172e+01
1.073191807353427407e+01
