1.011518983864040599e+01
-9.569999478598090548e+01
-2.319001537669930144e+02
-2.614005061738755558e+02
-1.496630932819441000e+02
-7.754747303613279996e+01
-9.576344503093315552e+01
-8.346184019284976330e+01
-9.500893624637333801e+01
-1.226139823957114174e+02
-7.329437152749744655e+01
-2.594566691202649054e+02
-8.381666025913602880e+01
-1.412757477496240313e+02
-1.544540147638789733e+02
-3.199904552724373730e+02
-4.078033880927941368e+02
-4.047864506204789450e+02
-2.534870903443446366e+02
-1.143878974680159786e+02
-1.817595572534927726e+02
1.232498588808127948e+01
-3.872908556204745878e+02
1.241713237347688725e+01
-1.152230687743330861e+02
-7.684634629488151347e+01
-2.463169380293228414e+02
-2.270853687182655989e+01
1.252114147640887865e+01
1.181944581408286687e+01
5.090805506250790202e+00
9.520874905590908099e+00
-7.564112193118599237e+01
-2.711299499204790919e+01
-2.689617293667431852e+01
-1.794613535196772602e+01
-3.144224501721243996e+02
1.812476631773321856e+00
3.525553128626491173e+00
8.920560135450648076e+00
5.945028087791930815e+00
1.237202281648222701e+01
-6.026069471989298876e+00
4.598399006756512364e+00
3.039200697080387314e+00
7.577802063170617330e+00
-1.416441870209073528e+00
1.151329362140110923e+01
5.368850666528450333e+00
-1.202660524604952315e+02
1.234859942600660787e+01
1.255750976011220033e+01
1.248776963227882320e+01
8.359928176471145278e+00
1.183790655469706010e+01
-3.538538129274068211e+01
9.631057391922015043e+00
1.254132023415763264e+01
1.240113620329849908e+01
1.252564777172132437e+01
1.235256725356164864e+01
3.595427626655116171e+00
1.254381085750381075e+01
1.250954083422312380e+01
1.195724878132531543e+01
1.735226752289467100e-01
1.061162886987506582e+01
1.247880783578758823e+01
1.252886158966849806e+01
-1.707333128323469396e-01
-9.035628655597085412e+01
1.178729378828886887e+01
-1.745869715491212659e+01
8.182690358776731898e+00
1.978502389240919257e+00
6.427697890651151269e+00
-1.332185219103341467e+01
8.955205925220676377e+00
1.257589398845920137e+01
1.223215759657559687e+01
8.893868665468236401e+00
3.818378433566222085e+00
9.168584379960812214e+00
1.234459577492947169e+01
-1.285653707264501975e+02
9.197456110195318502e+00
1.127920493278599068e+01
1.220167720692193924e+01
1.228732369572249006e+01
1.257363815924503925e+01
1.248630283505968208e+01
8.936402233330166922e+00
9.921483326110406509e+00
8.310549360865419288e+00
1.169422771016164475e+01
1.013529241458668650e+01
6.184949326341234510e+00
1.251294735319692109e+01
6.785628098815100984e+00
1.032282855816982980e+01
1.243230244309604871e+01
1.241985052625548036e+01
1.231551834204009310e+01
1.252717061751497596e+01
1.139149966518807666e+01
1.117673808977069427e+01
1.239226364437530492e+01
1.042440448572504152e+01
1.198461346852221432e+01
6.660328766377082488e+00
1.215047144833577519e+01
-1.658088958499089074e+02
8.918564295625893479e+00
1.052631735335709351e+01
1.029942286998856993e+01
1.253602740033226226e+01
1.247377193056595601e+01
1.252352954696241483e+01
1.245709321785165358e+01
1.233252894798867061e+01
