-3.477961247802462026e+02
-4.107749471701183097e+02
1.251394969264709722e+01
-2.449317172726969716e+02
-1.719346028752666484e+02
-8.113758259679323714e+01
2.041554357939419972e+00
-3.052714911325347202e+02
-3.091745048609163291e+02
-8.274472051425790653e+01
-2.327260439706129773e+02
-8.496459400486990887e+01
-2.041699965727669621e+02
-7.821831210519174249e+01
-2.336674376026959692e+02
-8.939898423873567879e+01
-1.262541736738709233e+02
-2.877623251662307098e+02
-9.799476809785278419e+01
-2.946400619810327157e+02
-3.285712094476149900e+02
1.257754713617856090e+01
-3.287490076441739006e+02
-7.956428835818596212e+01
-1.288444509918763856e+02
-1.063178172260355439e+02
-3.003042152290660169e+02
3.801472704604044850e+00
1.257820894547940860e+01
1.244464673819922496e+01
-2.964518142028710201e+01
-1.540525502328222274e+01
-2.006754262516193421e+02
1.252662548447455038e+01
1.257716509691726436e+01
-2.049427076726004771e+01
1.233313915154393925e+01
1.256935814119298200e+01
5.572706959560882467e+00
-3.399756560788167548e+01
1.257506501982645730e+01
-1.064241136122298670e+01
-2.340928499439507675e+02
1.240391169316022157e+01
1.221490068717553612e+01
1.129886129963594144e+01
3.716878804189949648e+00
9.698758926755758125e+00
1.025996943141717921e+01
1.155891676079898112e+01
1.056043970607532145e+01
7.392661999738007417e+00
1.220993585627413225e+01
1.110998073949959952e+01
1.048763562861167387e+01
-2.845345441200469168e+02
6.350891540509859823e+00
1.238234181698067005e+01
5.067387389236381878e+00
8.765015021434086506e+00
1.252237661132352287e+01
1.231114442189888791e+01
9.762454926290626389e+00
9.815413628793777434e+00
1.251370219682496554e+01
7.976397666017574828e+00
1.189214844826575579e+01
1.146269494134634925e+01
1.202726276729284471e+01
1.133740407697979080e+01
4.043804982901312073e+00
8.421114266924833558e+00
1.004442927961711618e+01
1.250516825233210128e+01
9.956241423974161009e+00
1.246417819036837926e+01
1.062793579166739022e+01
1.246773750749049725e+01
1.052521042716585953e+01
1.221304990879617591e+01
1.221162767074297406e+01
7.905680163011358452e+00
1.232682601144601264e+01
8.926679580159024852e+00
1.219877110825894029e+01
1.147843267006523860e+01
1.190064559888856444e+01
1.224684017411616921e+01
9.516932725621391143e+00
1.227155898127561073e+01
-7.343061845456226422e+01
1.212968929466672030e+01
9.954570317529043422e+00
1.249550006541913483e+01
1.244903692259398298e+01
-1.239355304774018052e+01
1.245279954846392378e+01
1.140861190572495687e+01
1.207901602451759615e+01
1.079927083437582347e+01
1.230722290422260912e+01
1.105372007690798419e+01
1.256778887192183447e+01
1.094297882096972785e+01
7.482703982599591797e+00
8.585088051718051005e+00
9.396641104077129825e+00
1.110418002425333306e+01
1.256859252472212241e+01
9.454968403081851491e+00
9.873636620507557637e+00
1.006033993968455498e+01
1.123064479465394605e+01
9.219813975406600193e+00
1.089371733065452119e+01
1.103811429416982470e+01
1.180506748253549887e+01
1.220396104990023645e+01
1.241947848395382614e+01
1.249708480182563619e+01
