1.243502491592596293e+01
-7.713530679066960261e+01
-8.621174056026814014e+01
-7.421863417658586570e+01
-9.424601695593187856e+01
-8.001540817032486075e+01
-1.457865693704496550e+02
-8.894808291178206616e+01
-5.460766499863977970e+02
-2.095001439170774518e+02
-2.380210047661978479e+02
-2.994682414447395331e+02
-3.029209361834176661e+02
-1.928082105799491615e+02
-2.560738354640055832e+02
-1.526238507042060064e+02
-2.664463491978048637e+02
7.135707506851709070e+00
-2.024126610494219847e+02
-1.032432014057538652e+02
-1.420967723419360595e+02
-3.565580433286651214e+02
-1.987539648740646214e+02
-1.041613493184232766e+02
-1.041725230230466366e+02
4.344125353682795065e+00
-4.134215921173210404e+02
-1.002821930534422563e+02
-1.966786157708472160e+02
-2.633817623312921228e+02
-1.233045584511767316e+02
-1.876721753305078835e+02
-1.003433320503589528e+02
-4.740802410011094139e+02
-1.429091675321451476e+02
1.222751949188158527e+01
-1.859402934270965204e+02
-6.210524028738330315e+00
-2.006478491390364809e+02
8.383736548507037867e+00
-2.333544795816406463e+02
1.250676196521591876e+01
-1.323633928877603978e+02
-1.687888303304017370e+02
-1.538284991190024869e+02
-2.792378301079421021e+02
-1.510839420420804657e+01
-1.356574179189866527e+02
-1.868373831375371026e+02
-6.061675537150918558e+01
5.696171839768544132e+00
5.370040934629070506e+00
-2.305075081974727880e+00
1.224398473420045974e+01
1.232484491820215489e+01
-3.457836402221327887e+01
1.249384851850637190e+01
-1.374471886362807425e+02
1.241072638138393991e+01
1.227135604735881813e+01
-2.587230119861127946e+02
1.088861367736187802e+01
-3.182946400541975862e+00
-4.288623773845579734e+01
5.595520124377825866e+00
-3.295846650706781844e-01
-2.435851524298458344e+02
1.073856183587220059e+01
4.033682027995450170e+00
1.132689969649807438e+01
1.072551584868964980e+01
1.251961287765460895e+01
1.107964176480738772e+01
1.158071887265926136e+01
4.405558399208633347e+00
1.253310173556038443e+01
1.234083404130357664e+01
1.248703429690749189e+01
1.244812681783625408e+01
-1.888502297634305762e+02
-2.296056026289954843e+01
1.142052582839907870e+01
1.241663041880344664e+01
1.141411613091185728e+01
9.882699300768834405e+00
1.001067230918465967e+01
6.578572156480124278e+00
1.205629222164520264e+01
1.249580486436746440e+01
1.025122424668981580e+01
1.184208979740235890e+01
1.130027305743346666e+01
1.253416827893232011e+01
9.664495670759691848e+00
3.158110480078823556e+00
1.239564995075507525e+01
1.254067912930275952e+01
1.243912694447000611e+01
9.662773888918541942e+00
-1.239597664708836433e+01
9.755573142158972644e+00
1.176458688462293800e+01
-1.455711018764389735e+02
1.214940237688134239e+01
1.136017510689171495e+01
-2.783993380772177062e+00
1.176511149378116627e+01
8.293488664063227489e+00
8.653980992203116784e+00
1.857541316621071914e+00
1.219888815432069151e+01
8.901220810825098084e+00
1.094859913086152226e+01
-7.725608071911931773e+00
1.198927145747304479e+01
1.843916971275081806e+00
7.767425716390914836e+00
9.223600174196079138e+00
5.437954925590718247e+00
1.253539698598255825e+01
