-2.766265110915904302e+02
-2.830573725508624534e+02
-3.283359864640098067e+02
-1.641218000671691470e+02
-1.656780631831268238e+02
-1.385088462989124594e+02
-2.528154355489479030e+02
-2.072834497229391388e+02
-1.896406089234435512e+02
-2.064985377337708599e+02
-1.381818539425173924e+02
-1.318990410728045219e+02
-2.169812702738224459e+02
-2.666679785575896062e+02
-1.590083520255534779e+02
-3.917597546841437861e+02
-3.678896263721091486e+02
-2.148567312755680803e+02
1.239214646770735939e+01
-4.459330410129216915e+01
-1.027652843850688669e+00
-1.135505555262473081e+02
-2.744000040342309035e+02
-5.167818828210037196e+01
-1.085490086283602551e+00
1.251239981301652548e+01
-2.450282954299647287e+01
-3.373970549420408105e+01
-4.451103846239354311e+01
-1.051895608676091882e+02
-3.039157946825751466e+01
1.256579275596172174e+01
4.306056166137809171e+00
-6.082053564336405316e+00
6.022883093507630292e+00
7.489042790211007272e+00
1.243705549765860141e+01
9.280605614878266962e+00
1.144921233350519429e+01
1.215999400208433734e+01
1.252709010600162642e+01
8.602093898719118670e+00
1.249028462994389699e+01
1.114283557357009968e+01
7.546735891390135897e+00
7.961510841635493385e+00
5.364161144734946873e+00
1.222467602279940024e+01
1.119516842546100399e+01
1.234105143319772324e+01
9.745992538922948256e+00
6.786432260218925094e+00
9.357869834349092031e+00
1.140633453719942736e+01
1.161113919049077126e+01
1.188738000605636991e+01
1.183241877600424274e+01
1.181775390218858846e+01
1.225244918858147258e+01
1.161162212713517405e+01
1.234933553645291582e+01
1.120822787564106449e+01
-2.847412450264089401e+01
1.168429391829200270e+01
1.198924462379694944e+01
1.222828414134990638e+01
3.604555265217667781e+00
8.215146972386765611e+00
1.207227751525732984e+01
1.163165904188054611e+01
1.023552263177712618e+01
1.253299595466326366e+01
1.208565238102097972e+01
-2.547173431385038214e+02
1.215469328842478447e+01
1.140178653573705070e+01
6.836002882234939904e+00
1.252741530953929328e+01
7.220470730771372914e+00
1.205395555170892763e+01
9.184025052780670606e+00
1.094161322683440218e+01
1.049299190187984543e+01
-8.939802330062019564e+01
1.206647102576146935e+01
1.244574045452738709e+01
8.409654150737404521e+00
1.143275405858254601e+01
1.197179745782722193e+01
6.744537494139443368e+00
1.047171490033205998e+01
-1.717795709874635790e+01
1.080342263529898617e+01
-1.056092501843307048e+02
-5.372289195407398665e+01
1.243116408760681324e+01
1.112627911289186144e+01
1.250852388332975806e+01
1.255057368246756155e+01
1.202093273723527211e+01
8.740100838078472378e+00
1.215205920274090268e+01
1.255353685861059176e+01
-1.661333086701473505e+01
6.145501313904301099e+00
1.089086598700362885e+01
1.249345537776846804e+01
3.495904570289642521e+00
1.239047087658197199e+01
2.573633670013546038e+00
1.193659090785006782e+01
1.250671454674875349e+01
6.135138564276456208e+00
1.253435111393135060e+01
8.028707440053283406e+00
1.243915071682816809e+01
8.224752571836209114e+00
3.392910642879359173e+00
1.245855386890104199e+01
-6.717471176237150843e+00
