-1.168302471737855370e+02
9.614401085938833802e+00
1.232834137085817616e+01
-1.470077700261600455e+02
-1.088141407753972629e+02
-1.802826074633223072e+02
-7.186851347384425992e+01
-7.191565401834232318e+01
-7.877940676642215578e+01
-8.019701650286991423e+01
-8.571893502988174873e+01
-1.088975696557975539e+02
-3.858447111780002388e+02
-3.910562565695164494e+02
-9.722770553502445523e+01
-3.013626142692014014e+02
-1.151754426738189778e+02
1.257259594215808818e+01
-1.308216651400113619e+02
-1.048383705068973484e+02
-1.255607805126737162e+02
1.254555468959385855e+01
-2.316701446947694194e+02
-9.519767713201093784e+01
-1.279785909721488508e+02
-1.570334834278591529e+02
1.244561881822200533e+01
1.241352182701493057e+01
-1.003056407247256772e+02
-6.852089950769750715e+01
-1.118096618432311118e+02
-5.296315595367668294e+01
-4.160692484297108962e+01
-3.296139215076942008e+01
1.185773164851417683e+01
1.215259183645869356e+01
-2.720712496155806903e+01
-1.018164352984579750e+02
4.534200630482976280e+00
-3.013618278417994389e+01
1.254351052956027601e+01
1.249355337028025303e+01
1.204015797508530561e+01
4.126679730349701813e+00
-1.991100281399283745e+00
1.248607311224733074e+01
1.164119661042512277e+01
1.006932131373853068e+01
9.727187200664497269e+00
-1.471488177157988630e+01
3.262954570437175406e+00
7.909782993127076445e+00
-1.781861594330997534e+01
6.923375336246296641e+00
1.193330423344999147e+01
1.243784177572470107e+01
1.223334615155006233e+01
1.229216566221439422e+01
8.126666618067112324e+00
1.688606566139055687e+00
-2.490490963756826659e+00
1.132996459535267775e+01
1.220122862241970907e+01
-1.452615891592440178e+01
3.768122841082597319e-01
1.174355065472184023e+01
1.107643920406744620e+01
5.136029158355981394e+00
4.647717268954783876e+00
9.452734020300617601e+00
6.442060184761094987e+00
9.832892151219301269e+00
8.628566629580541658e+00
1.238760346614838959e+01
2.255143041324609854e+00
7.499681501250422322e+00
1.250798758965557234e+01
3.563495488240436160e+00
4.842830610606615238e+00
1.204460907086530241e+01
