-1.513343088569738768e+02
-1.053838090023082117e+02
-1.485834398078465597e+02
-3.644928217640963339e+02
-1.928043901536775309e+02
-2.363359408640498032e+02
-2.368943867158602927e+02
-3.544170716274801975e+02
1.231951440009774146e+01
-9.083023894138598564e+01
-1.162728542933979128e+02
-1.892158550326919055e+02
-7.259075459340196801e+01
-2.837039614023523200e+02
-1.602363864836457594e+02
-3.855301440339153487e+02
-2.874360134888684115e+02
-2.255175604456653673e+02
-1.528938037171139968e+02
-3.021334408920641863e+02
-2.774465294485637514e+02
-1.034294940540183916e+02
1.245486210453780629e+01
1.252914956237935584e+01
-4.619592149101140990e+02
-2.014283603052425633e+02
-1.063626291204794256e+02
-1.795521521797506068e+02
-1.868512632862178293e+02
-1.482460358292143212e+02
-2.173904039285620797e+02
-1.744553209884047931e+02
-8.298434920405047421e+01
1.226503225262877805e+01
1.242333585553004838e+01
1.251052854353176969e+01
2.117037764744956974e+00
-3.734524966119364819e+01
1.236190200324741895e+01
5.023401653430694225e+00
-7.683321919258670363e+00
8.533710999171688627e+00
-1.485449180071555375e+01
1.225863398298481499e+01
1.167335934302979794e+01
1.207301283776186551e+01
1.252179614989354306e+01
-1.066727687097266681e+02
1.253836475243340054e+01
6.470477470089049277e+00
1.097713468346058008e+01
1.247462352357305804e+01
1.219986703554727470e+01
1.212128875925227689e+01
1.257970048923756679e+01
2.937199930712351303e+00
-7.714116993691077084e+01
1.127871222221865466e+01
1.192541928545104213e+01
-3.431874879600492534e+00
1.103389487562189508e+01
-1.200599999728527365e+02
1.219971927211938123e+01
1.245136407673590639e+01
1.141534173854651435e+01
8.210975169371582894e+00
1.147423815110465917e+01
-7.381741714424585155e+00
1.224370224630946069e+01
1.086372743406826658e+01
9.393796817211693906e+00
1.183488027907507956e+01
1.067453755937242477e+01
1.127385907036886792e+01
-8.543223253985651411e+01
1.249729821324094381e+01
1.095146882734801963e+01
1.176181332088470022e+01
1.227094424603503242e+01
1.252106745795935616e+01
-1.752654351048307149e+02
1.224231873801612203e+01
1.044046746751346078e+01
-1.227517914081478878e+01
9.495146425029291848e+00
1.224024986565070883e+01
-1.353571153287705897e+02
1.254782646208461294e+01
1.126533512986422103e+01
1.188642238820623831e+01
-3.354738483680096692e+02
1.246605413013815777e+01
1.081722268174763180e+01
6.692422236600437557e+00
1.146189658454979465e+01
7.460830584825187017e+00
1.125644118913010239e+01
1.190273996771034426e+01
1.153260819215569910e+01
1.250203319871983076e+01
1.003911456434757099e+01
1.224244369241222685e+01
8.996565752451090248e+00
1.003783071259237047e+01
1.024577736058956035e+01
-2.603647371936564241e+02
1.222917721711666061e+01
1.248660631335133253e+01
-8.575166030373424064e+01
1.249999422324222742e+01
8.581155368258867711e+00
1.255701833369074905e+01
9.980852541957323965e+00
1.254054070975496771e+01
1.212883006351134085e+01
1.116714584467290727e+01
1.247986880690631217e+01
1.210902541346396255e+01
1.251465840245844419e+01
1.225594183827044503e+01
