-2.555958637448499360e+02
-1.413493517198029963e+02
-1.477230197142738746e+02
-1.041677010692163634e+02
-1.383614346785688838e+02
-9.368912424649130344e+01
-3.535025250225079390e+02
-2.664000388640714618e+02
-1.444258591283740998e+02
1.244258970938074960e+01
-1.704282492457315641e+02
-4.212594878046997451e+02
-2.740235287169622893e+02
-3.301212131115776742e+02
1.249580461873477333e+01
-2.020973741053336710e+02
-1.243143596827681279e+02
-2.893705165332158344e+02
-2.495103716034388412e+02
-1.158830463266394162e+02
-3.070352349329662047e+02
-1.455566518476921090e+02
-1.871088950497868382e+02
-2.388654256072771034e+02
-8.271404866533703171e+01
-9.921600097942572916e+01
-2.562866102667676955e+02
-2.077208064388722448e+02
-2.425285522888412117e+02
-1.198473288434957311e+02
-1.750559772285353972e+02
-1.241864415930371024e+02
-2.309999942965905717e+01
-1.788303398382799401e+02
1.250945465965677350e+01
-2.599612673265507823e+00
6.099797207957818657e+00
7.955597414751697904e+00
8.751740192949203134e+00
6.781021367583328185e+00
4.881506596717109403e+00
1.249454273822472139e+01
1.255979112527269237e+01
9.294659469174312960e+00
8.930981380589237517e+00
9.687190057768587437e+00
1.160861879292230725e+01
1.074665124201922239e+01
2.171471192696495578e+00
1.090391441892430535e+01
1.585884205503573341e+00
1.100592223636498090e+01
1.129153891912384111e+01
8.089711778918823981e+00
1.913956479740685168e+00
9.044805825987882741e+00
-2.556857799654109442e+01
8.371669198434304349e+00
9.502848870328453046e+00
2.638073299331988864e+00
-4.606321635186791497e+00
4.323504904624394740e+00
7.268564312541732519e+00
1.239445358832075783e+01
1.244944393443967456e+01
1.226787106348507095e+01
1.235629383313949425e+01
1.244267290347875843e+01
9.515315568835109872e+00
5.462872619677323627e+00
1.175611245335191057e+01
1.244541539254763052e+01
1.180250071170330628e+01
-3.659356884945751176e+00
1.122732383885113094e+01
1.205113055374268960e+01
1.210261179139410359e+01
9.835382243742500918e+00
1.221444908111266336e+01
1.230650152415602605e+01
1.243136014136071843e+01
1.254439476358447614e+01
1.154060148231005734e+01
6.241938429996293891e+00
1.240129436202253999e+01
1.106284154832619571e+01
4.744323835961269609e+00
-4.355637011344384746e+00
1.179151361128895736e+01
9.916816945664239213e+00
8.178984126259324583e+00
8.654088838044341259e+00
1.188836982836303768e+01
-2.285186614275973938e+01
1.243350701874526365e+01
-1.281309831287502021e+01
4.087001058082545768e+00
1.197233665455586582e+01
1.135584437632723720e+01
1.246769515495317648e+01
1.241332465901532345e+01
1.245678616927313165e+01
1.213958867504602424e+01
1.151349727142618740e+01
1.093935377634835149e+01
4.757994213125845917e+00
7.703814611362631126e+00
1.141019830037600258e+01
1.256212264538546108e+01
1.202334961937952151e+01
8.736353632303615058e+00
-1.109381167804282420e+01
5.052090355607917971e+00
1.251211300624161993e+01
5.787065069603851697e+00
1.196005976664011783e+01
6.007576238225528442e+00
1.043029566207552783e+01
1.007435272014024008e+01
-2.452772931334332043e+02
