-9.091844251271106714e+01
-2.209949879524036191e+02
-1.039356528676716636e+02
1.254121681009857703e+01
-7.676994818070960491e+01
-8.105125604952567642e+01
-3.008417093459343050e+02
-2.324854132867127703e+02
-7.953086345016413361e+01
-2.349890727046389713e+02
-1.794728966294840973e+02
-3.698350654821717285e+02
-1.854955900355498386e+02
-1.550140539351696418e+02
-4.716516753798712784e+02
-1.589182064987153069e+02
-3.285441002508159158e+02
-1.278248866268045560e+02
-7.940059029936892898e+01
-1.653971078638666370e+02
1.250784720958535701e+01
-1.678335904495697832e+02
-1.532395814237129059e+02
-1.114597927180751071e+02
-8.817241934269911496e+01
-2.839768320492100315e+02
1.256980884913143370e+01
-3.171438877944388679e+01
-4.895658246398831182e+01
-4.806685719161395554e+01
6.419423467452618937e+00
1.233993900552742318e+01
-5.432999139701927049e+01
-3.254902239403212860e+01
-3.987514844195712271e+01
-3.794849341870529003e+01
1.229941373027894613e+01
1.193909030097368174e+01
3.818943272850711779e+00
9.370663975321619432e+00
2.590918650774032272e-01
-4.790602953720000556e+01
1.248815482808916499e+01
1.053959381628644110e-01
1.252679109961474069e+01
1.194614081148566243e+01
-1.866913001979686015e+00
2.178982410417269477e+00
-4.401370820235559478e-01
9.327920387829855997e+00
2.814250667817640661e+00
-7.280796860426377748e+00
1.252050710552546775e+01
2.261909781622817306e+00
1.210438403355150960e+01
1.205917588673104390e+01
1.067276442234506462e+01
8.980155855704524015e+00
1.049106199216232227e+01
1.241913822329948758e+01
1.124619111257451465e+01
3.859191158337726080e+00
9.597022161860266465e+00
4.734206364010072221e+00
1.141969939150617996e+01
9.063651717816439302e+00
5.253641487555618994e+00
1.245825560081797079e+01
2.689719569201487914e+00
1.153958653638492748e+01
1.061364550944496443e+01
-2.314903439284952640e+02
1.144428259952897164e+01
7.955594334802979617e+00
9.850705030172861143e+00
3.550616982271005639e+00
1.075296482875612014e+01
6.494374772748306768e+00
8.183585652333773552e+00
-3.535860358358924316e-01
9.466086315412329810e+00
1.058424564517353161e+01
1.246685128722008251e+01
9.075525433758816263e+00
1.229443091613337913e+01
1.240731447132063181e+01
1.106016446686538046e+01
7.598021984370070037e+00
1.222991178983593485e+01
1.005207670625141780e+01
1.035903675836381410e+01
1.250715241759853136e+01
1.014506865776776579e+01
1.023701576694059945e+01
1.068988410968474767e+01
8.744674583067116203e+00
8.735996474531948053e+00
6.073484003877018367e+00
-8.995249445933943377e+00
5.705112689464151288e+00
1.076838066810402594e+01
6.510129473222297847e+00
1.249048357605122561e+01
6.409582485374331284e+00
5.879771265450752793e-01
1.238931618441763050e+01
6.710575064239026943e+00
8.275973119108197551e+00
1.215142354317525353e+01
1.017988101609739005e+01
1.162259464362742811e+01
-1.140877147721481322e+02
1.204886446654201038e+01
1.256838691420518650e+01
1.225197643460839991e+01
1.233871179223185521e+01
1.175168050890905924e+01
1.252048273258023947e+01
1.175640750078686381e+01
4.282395613249132538e+00
