-1.041182924081742414e+02
1.198006068217513231e+01
-1.502331400316078032e+02
-3.119469136419908750e+02
-1.164747026086659645e+02
-1.314289447222066087e+02
-1.180468554295765244e+02
-2.106578561841260750e+02
-2.218326186488147016e+02
-1.356846215337550348e+02
-2.256094317494585653e+02
-4.346658879468826626e+02
-1.987876908938701206e+02
-8.532478106837494636e+01
-1.803374547704073052e+02
-2.901996542641570045e+02
-3.869107640877323888e+02
-2.003896315972482967e+02
1.247224822816927237e+01
-1.078350256331549843e+02
-4.639879473243049546e+01
8.636576865399554492e+00
-4.628027435327933148e+01
2.373578419618866064e+00
-6.017990892144486281e+01
-1.952153815193684068e+02
-9.782527741718940462e+00
7.125356945351306592e+00
1.071668047820594083e+01
-2.399919512884546435e+01
4.417670434846511895e+00
1.255993617961806486e+01
6.894407025018475466e+00
6.248788195349471053e+00
1.767748620146660343e+00
1.226527172055386217e+01
2.205231604176789872e+00
-9.245302075969243560e+01
1.212603045707558636e+01
1.137480658250733612e+01
8.884719646726653153e+00
-1.190989469655626465e+00
1.229380631377686584e+01
7.133593950940100292e+00
-1.384175099898501742e+02
9.306472667124836562e-01
1.254000776480289758e+01
-1.845973498810854707e+01
1.177783076872234957e+01
8.539354524955033554e+00
1.076735875387683805e+01
1.222217396292669633e+01
8.365690746334481176e+00
1.237502200029886801e+01
6.857513974729663175e+00
1.181153362554160324e+01
1.171209485028796848e+01
6.108557009271132543e+00
-2.744232127370757723e+00
2.512851928687464209e+00
1.246471998693033534e+01
1.214093633057512100e+01
1.034316817676666922e+01
9.570991906702948526e+00
3.866161541637490373e+00
1.206110465078766047e+01
1.040272140269665435e+01
1.138549637139209558e+01
-5.361588771800979458e+01
1.236111105920317144e+01
9.072782495772660383e+00
-5.949475731627853037e+00
1.254748141796063798e+01
3.990711592360352000e+00
1.222793272510016394e+01
8.242710205971270909e+00
6.999456457108978569e+00
7.691944853297948193e+00
8.902294602533292078e+00
1.240742274967624326e+01
1.237968361422925412e+01
