-1.236444615021842139e+02
-2.548263959408602943e+02
1.253517134871374061e+01
1.245968459949156326e+01
-1.810584136740623933e+02
-2.169555300358020702e+02
-7.490325543707599820e+01
-2.391611112710097018e+02
-1.218690884966151344e+02
1.248005267346015046e+01
-8.939446343516789284e+01
-1.049744225885579425e+02
-9.967512780383755455e+01
-7.901356711978692715e+01
-8.244267133545289994e+01
1.256168313816420223e+01
-2.185859637011156167e+02
-1.218409626114995916e+02
1.054474262807394425e+00
1.256905009840801668e+01
-1.671529041144751560e+01
-7.860541196219219984e+00
1.240457140802834601e+01
-2.207900921420348084e+02
1.257844375178413188e+01
1.251857676961031807e+01
7.035313397472498842e+00
8.016230246150097827e+00
-3.009765197693901939e+00
1.327034809316682384e+00
1.166600140431593502e+01
5.053882493918422369e+00
1.012994069050722956e+01
1.189201494540978743e+01
1.063219295418376831e+01
1.257565593647747804e+01
1.238728937675869268e+01
1.191187234940283979e+01
1.238664740119670782e+01
1.177433395317275711e+01
1.249758846166266935e+01
1.224492076744171243e+01
1.048249585025515884e+01
1.095235857824259718e+01
1.092112730583822966e+01
1.244469339935271890e+01
6.544875130617535675e+00
1.177213288742048114e+01
6.109189188638863399e+00
1.023446752405099858e+01
3.355193124737468224e+00
1.257997526361128138e+01
1.247624743781029366e+01
1.244681230510992620e+01
1.183300921050352272e+01
1.255988085378972308e+01
7.621944820573729018e+00
1.175526231108241149e+01
9.203665253381437594e+00
1.199113082626304561e+01
1.223321789887581801e+01
1.102379681128240207e+01
1.170963351315393020e+01
-3.157986920843616190e+02
1.032234976536062376e+01
1.251616525009409564e+01
1.237245254629937286e+01
1.221961613953317283e+01
1.254626787411777755e+01
1.237935661376680230e+01
1.206356810665930901e+01
1.007352226142239360e+01
1.257585922868135242e+01
1.104890673122864087e+01
1.157079194144361978e+01
1.256514569579531226e+01
1.222574541077390897e+01
-1.515993102813011362e+01
7.281932360101617263e-01
1.162198243553387300e+01
9.627881181449442494e+00
1.254736125639556121e+01
1.257098820397953354e+01
1.168361145205954976e+01
6.244202684425378180e+00
2.587282436175280864e+00
1.122453937524057288e+01
1.255612975081712790e+01
1.190174753694290644e+01
1.150009330279957354e+01
1.231808356281510441e+01
1.252968640981102766e+01
1.230767583372659857e+01
1.209832327208052050e+01
1.242260382839871014e+01
1.232823009511093382e+01
8.446368693507828596e+00
7.564698322276377063e+00
9.078489544195548433e+00
1.136362050774456556e+01
1.254558912217730438e+01
1.244900914346833432e+01
9.665065991370020981e+00
1.235935936304478311e+01
6.606077718517520125e+00
1.210584533420745856e+01
1.250377135457246958e+01
5.735290807635472277e+00
1.247836465035720899e+01
9.823389418553647445e+00
1.237119734037421281e+01
1.243429042306867949e+01
1.246024883745178791e+01
1.139352954283141273e+01
4.509320880494932737e+00
2.556797500432786308e+00
1.206641892070541999e+01
1.256972545332055979e+01
9.093065026173160703e+00
3.178383476413760178e+00
-1.895515158156546676e+01
7.761294756235710857e+00
1.178239077183124195e+01
1.250420236491340020e+01
1.211588585798178741e+01
