-2.089965956823575368e+02
1.243771949173517655e+01
-3.368955150429940772e+02
-1.826686307917462102e+02
-3.188568746459658314e+02
-2.654210165187536177e+02
-1.065169878915265826e+02
-2.213555293227532275e+02
-2.206743089600825272e+02
1.182770505409639128e+01
-8.218943729683249444e+01
-1.181928193672597303e+02
-9.958443653333036139e+01
-7.949730184258626764e+01
-8.222446999336685280e+01
-9.006582254402685805e+01
-8.342839381998794579e+01
-3.341998399325772340e+01
-8.783645376024722395e+01
-9.886647440750246574e+01
-1.101486576615018009e+02
-4.564677151779711295e+01
-2.609326340044736980e+01
8.844074044920358091e+00
-3.066267556742922906e+01
9.295661265823749630e+00
5.557999057958674882e+00
-3.081302148361739768e+00
1.164231235304103862e+01
5.962134165326073543e+00
1.092159942607661272e+01
4.311062000151963503e+00
1.012895823217585445e+01
1.254115005691082629e+01
1.240184669793348604e+01
1.139313894711027686e+01
1.179177062817127286e+01
1.121176966325511160e+01
8.446266990074484227e+00
1.237313149943392254e+01
9.039572562423551005e+00
5.205639020945978857e+00
1.237348185976883741e+01
1.256711571803298888e+01
1.254161024880114184e+01
2.895474056440985322e+00
1.111246478750428857e+01
1.242292348906744337e+01
1.223430015387805980e+01
1.251019060026604635e+01
1.221729777582522125e+01
1.244920842892386581e+01
1.223580548804399015e+01
1.121459062937689311e+01
9.059754836224529484e+00
8.943180547118281254e+00
1.094818735029841683e+01
1.237747658128684769e+01
1.197557311665414126e+01
7.752499853240611749e+00
6.782540554703778923e+00
1.163020382539151854e+01
1.256418840423777539e+01
1.158427058979994229e+01
1.237056610041205218e+01
1.152141207091105457e+01
1.125516598822825642e+01
1.233390076253015621e+01
1.244168079357433854e+01
1.213575452900103357e+01
1.206736947652276193e+01
8.994403576223445995e+00
1.234261764313344756e+01
6.295529512464778321e+00
1.228334811999525833e+01
1.236663362806976352e+01
7.823856075003777555e+00
1.114876470108870699e+01
8.449217482074669050e+00
6.304443342271630613e+00
1.180576110671416323e+01
5.950245335401520563e+00
1.211588433983754420e+01
1.245377657625815182e+01
1.234020214732426801e+01
7.380751491848867474e+00
1.198699814750613513e+01
3.576840490025119834e+00
1.233830883120156940e+01
4.282020027391931549e+00
1.214319464502006163e+01
1.141162423017698124e+01
1.239992409835341469e+01
7.951395514437260559e+00
1.252577958350555321e+01
7.397894318286230231e+00
-2.003852699357900065e+02
2.902436883548201507e+00
1.041506790788055881e+01
1.144792357345875367e+01
1.252734451238725377e+01
-1.248396730867720450e+01
6.985328344296629410e+00
1.053756100538828022e+01
1.231836487678500625e+01
1.131445208498928245e+01
-3.705062950058918858e+01
7.098170162611813439e+00
8.196992963031535240e+00
1.254058468962819006e+01
2.579590190201002997e+00
1.146819448191773994e+01
1.188459450901861914e+01
1.190941914848620442e+01
1.194872120920810055e+01
1.255889541778914520e+01
1.226274636116792571e+01
1.223595613867998644e+01
1.242975664001905400e+01
1.248548547207937709e+01
